INSERT INTO bike_data (bike_id, latitud, longitud, puntuacion_road, calidad_ambiental, temperatura, humedad, presion, ruido, luz, barrio, fecha) VALUES
('BP1', 43.27121353149414, -2.938812255859375, 1, 78, 29.7, 34, 1016, 60, 0, 'Deusto', '2025-06-05T13:00:32.146240'),
('BP1', 43.271217346191406, -2.938812255859375, 1, 78, 29.7, 34, 1016, 62, 0, 'Deusto', '2025-06-05T13:00:33.364723'),
('BP1', 43.271217346191406, -2.938812255859375, 1, 78, 29.8, 34, 1016, 65, 0, 'Deusto', '2025-06-05T13:00:34.554780'),
('BP1', 43.271217346191406, -2.938812255859375, 1, 78, 29.8, 34, 1016, 62, 0, 'Deusto', '2025-06-05T13:00:35.730473'),
('BP1', 43.271217346191406, -2.938812017440796, 1, 78, 29.8, 34, 1016, 65, 0, 'Deusto', '2025-06-05T13:00:36.934777'),
('BP1', 43.271217346191406, -2.938812255859375, 1, 77, 29.8, 33, 1016, 64, 0, 'Deusto', '2025-06-05T13:00:38.115560'),
('BP1', 43.271217346191406, -2.938812017440796, 1, 77, 29.8, 33, 1016, 66, 0, 'Deusto', '2025-06-05T13:00:39.278142'),
('BP1', 43.271217346191406, -2.938812255859375, 1, 77, 29.8, 33, 1016, 72, 0, 'Deusto', '2025-06-05T13:00:40.430466'),
('BP1', 43.271217346191406, -2.938812494277954, 1, 77, 29.8, 33, 1016, 65, 0, 'Deusto', '2025-06-05T13:00:41.587010'),
('BP1', 43.27122116088867, -2.938812494277954, 1, 77, 29.8, 33, 1016, 64, 0, 'Deusto', '2025-06-05T13:00:42.761954'),
('BP1', 43.271217346191406, -2.938812494277954, 1, 77, 29.8, 33, 1016, 61, 0, 'Deusto', '2025-06-05T13:00:43.966679'),
('BP1', 43.271217346191406, -2.938812255859375, 1, 77, 29.9, 33, 1016, 65, 0, 'Deusto', '2025-06-05T13:00:45.146273'),
('BP1', 43.271217346191406, -2.938812255859375, 1, 77, 29.9, 33, 1016, 61, 0, 'Deusto', '2025-06-05T13:00:46.285915'),
('BP1', 43.27122116088867, -2.938812017440796, 1, 77, 29.9, 33, 1016, 67, 0, 'Deusto', '2025-06-05T13:00:47.476915'),
('BP1', 43.27122116088867, -2.9388115406036377, 1, 77, 29.9, 33, 1016, 63, 0, 'Deusto', '2025-06-05T13:00:48.655184'),
('BP1', 43.271217346191406, -2.9388108253479004, 1, 77, 29.9, 33, 1016, 71, 0, 'Deusto', '2025-06-05T13:00:49.870918'),
('BP1', 43.271217346191406, -2.9388105869293213, 1, 77, 29.9, 33, 1016, 69, 0, 'Deusto', '2025-06-05T13:00:51.048667'),
('BP1', 43.27122116088867, -2.938810110092163, 1, 77, 29.9, 33, 1016, 74, 0, 'Deusto', '2025-06-05T13:00:52.164081'),
('BP1', 43.27122116088867, -2.938809871673584, 1, 76, 30, 33, 1016, 64, 0, 'Deusto', '2025-06-05T13:00:53.329009'),
('BP1', 43.27122116088867, -2.938809394836426, 1, 76, 30, 33, 1016, 64, 0, 'Deusto', '2025-06-05T13:00:54.509278'),
('BP1', 43.27122116088867, -2.938809394836426, 1, 76, 30, 33, 1016, 64, 0, 'Deusto', '2025-06-05T13:00:55.651870'),
('BP1', 43.27122116088867, -2.938809394836426, 1, 76, 30, 33, 1016, 66, 0, 'Deusto', '2025-06-05T13:00:56.853068'),
('BP1', 43.27122116088867, -2.9388089179992676, 1, 76, 30, 33, 1016, 62, 0, 'Deusto', '2025-06-05T13:00:58.041328'),
('BP1', 43.27122116088867, -2.9388089179992676, 4, 76, 30, 33, 1016, 75, 0, 'Deusto', '2025-06-05T13:00:59.239274'),
('BP1', 43.271278381347656, -2.938793897628784, 1, 76, 30.2, 33, 1016, 67, 0, 'Deusto', '2025-06-05T13:02:09.904600'),
('BP1', 43.27128219604492, -2.9387950897216797, 1, 76, 30.3, 33, 1016, 64, 0, 'Deusto', '2025-06-05T13:02:11.174216'),
('BP1', 43.27128982543945, -2.938795328140259, 1, 76, 30.3, 33, 1016, 67, 0, 'Deusto', '2025-06-05T13:02:12.393789'),
('BP1', 43.27129364013672, -2.9387950897216797, 1, 76, 30.3, 33, 1016, 65, 0, 'Deusto', '2025-06-05T13:02:13.553104'),
('BP1', 43.271297454833984, -2.938795566558838, 1, 76, 30.3, 33, 1016, 65, 0, 'Deusto', '2025-06-05T13:02:14.738621'),
('BP1', 43.27130126953125, -2.938793182373047, 1, 76, 30.3, 33, 1016, 68, 0, 'Deusto', '2025-06-05T13:02:15.906322'),
('BP1', 43.271305084228516, -2.938793897628784, 1, 76, 30.3, 33, 1016, 63, 0, 'Deusto', '2025-06-05T13:02:17.061813'),
('BP1', 43.27131271362305, -2.9387948513031006, 1, 76, 30.3, 33, 1016, 66, 0, 'Deusto', '2025-06-05T13:02:18.231863'),
('BP1', 43.27131652832031, -2.938795804977417, 1, 76, 30.3, 33, 1016, 71, 0, 'Deusto', '2025-06-05T13:02:19.419748'),
('BP1', 43.27132034301758, -2.9387967586517334, 1, 76, 30.3, 33, 1016, 66, 0, 'Deusto', '2025-06-05T13:02:20.572305'),
('BP1', 43.271324157714844, -2.9387969970703125, 1, 76, 30.3, 33, 1016, 66, 0, 'Deusto', '2025-06-05T13:02:21.716052'),
('BP1', 43.271324157714844, -2.9387943744659424, 1, 76, 30.3, 33, 1016, 66, 0, 'Deusto', '2025-06-05T13:02:22.896537'),
('BP1', 43.271324157714844, -2.9387969970703125, 4, 76, 30.3, 33, 1016, 73, 0, 'Deusto', '2025-06-05T13:02:24.102318'),
('BP1', 43.271324157714844, -2.9388091564178467, 4, 76, 30.3, 33, 1016, 67, 0, 'Deusto', '2025-06-05T13:02:25.305243'),
('BP1', 43.27132034301758, -2.9388303756713867, 4, 76, 30.3, 33, 1016, 69, 0, 'Deusto', '2025-06-05T13:02:26.471568'),
('BP2', 43.271507263183594, -2.938905954360962, 1, 78, 29.6, 34, 1016, 69, 0, 'Deusto', '2025-04-05T13:14:05.312161'),
('BP2', 43.27149200439453, -2.9388937950134277, 2, 78, 29.6, 34, 1016, 74, 0, 'Deusto', '2025-04-05T13:14:06.688044'),
('BP2', 43.2714729309082, -2.9388813972473145, 1, 78, 29.7, 34, 1016, 67, 0, 'Deusto', '2025-04-05T13:14:07.879521'),
('BP2', 43.27145004272461, -2.938868284225464, 2, 78, 29.6, 34, 1016, 63, 0, 'Deusto', '2025-04-05T13:14:09.063401'),
('BP2', 43.27139663696289, -2.9388914108276367, 2, 78, 29.6, 34, 1016, 75, 0, 'Deusto', '2025-04-05T13:14:10.317464'),
('BP2', 43.271366119384766, -2.9388930797576904, 2, 78, 29.6, 34, 1016, 69, 0, 'Deusto', '2025-04-05T13:14:11.519839'),
('BP2', 43.271331787109375, -2.938887596130371, 2, 78, 29.6, 34, 1016, 68, 0, 'Deusto', '2025-04-05T13:14:12.677687'),
('BP2', 43.271297454833984, -2.9388818740844727, 2, 78, 29.6, 34, 1016, 69, 0, 'Deusto', '2025-04-05T13:14:13.843047'),
('BP2', 43.271263122558594, -2.938872814178467, 2, 78, 29.6, 34, 1016, 68, 0, 'Deusto', '2025-04-05T13:14:15.047388'),
('BP2', 43.27122116088867, -2.9388442039489746, 2, 78, 29.6, 34, 1016, 72, 0, 'Deusto', '2025-04-05T13:14:16.261890'),
('BP2', 43.27119827270508, -2.9388155937194824, 3, 78, 29.6, 34, 1016, 72, 0, 'Deusto', '2025-04-05T13:14:17.446819'),
('BP2', 43.27117156982422, -2.9387829303741455, 2, 78, 29.5, 34, 1016, 77, 0, 'Deusto', '2025-04-05T13:14:18.620922'),
('BP2', 43.271148681640625, -2.9387502670288086, 2, 78, 29.5, 34, 1016, 84, 0, 'Deusto', '2025-04-05T13:14:19.811953'),
('BP2', 43.27113342285156, -2.9387173652648926, 3, 78, 29.5, 34, 1016, 81, 0, 'Deusto', '2025-04-05T13:14:20.984907'),
('BP2', 43.27115249633789, -2.938685417175293, 2, 78, 29.5, 34, 1016, 90, 0, 'Deusto', '2025-04-05T13:14:22.196843'),
('BP2', 43.27117156982422, -2.9386773109436035, 3, 78, 29.5, 34, 1016, 84, 0, 'Deusto', '2025-04-05T13:14:23.343415'),
('BP2', 43.27119827270508, -2.938678741455078, 4, 78, 29.5, 34, 1016, 77, 0, 'Deusto', '2025-04-05T13:14:24.511644'),
('BP2', 43.27122497558594, -2.93868088722229, 3, 78, 29.5, 34, 1015, 87, 0, 'Deusto', '2025-04-05T13:14:25.664638'),
('BP2', 43.27125549316406, -2.9386911392211914, 2, 78, 29.5, 34, 1015, 77, 0, 'Deusto', '2025-04-05T13:14:26.824648'),
('BP2', 43.271297454833984, -2.9387035369873047, 2, 79, 29.4, 34, 1015, 74, 0, 'Deusto', '2025-04-05T13:14:28.045208'),
('BP2', 43.271385192871094, -2.938748836517334, 2, 79, 29.4, 34, 1015, 82, 0, 'Deusto', '2025-04-05T13:14:29.201261'),
('BP2', 43.271427154541016, -2.938772678375244, 4, 79, 29.4, 34, 1015, 84, 0, 'Deusto', '2025-04-05T13:14:30.348659'),
('BP2', 43.27147674560547, -2.938800573348999, 2, 79, 29.4, 34, 1015, 84, 0, 'Deusto', '2025-04-05T13:14:31.525000'),
('BP2', 43.271522521972656, -2.9388365745544434, 2, 79, 29.4, 34, 1015, 82, 0, 'Deusto', '2025-04-05T13:14:32.703198'),
('BP2', 43.27156448364258, -2.938880681991577, 2, 79, 29.4, 34, 1015, 80, 0, 'Deusto', '2025-04-05T13:14:33.900530'),
('BP2', 43.27164077758789, -2.938967704772949, 2, 79, 29.3, 34, 1015, 86, 0, 'Deusto', '2025-04-05T13:14:35.110999'),
('BP2', 43.271690368652344, -2.9390218257904053, 2, 79, 29.3, 34, 1015, 87, 0, 'Deusto', '2025-04-05T13:14:36.316154'),
('BP2', 43.27174758911133, -2.9390809535980225, 2, 80, 29.3, 35, 1015, 82, 0, 'Deusto', '2025-04-05T13:14:37.688927'),
('BP2', 43.27179718017578, -2.9391441345214844, 2, 80, 29.2, 35, 1015, 85, 0, 'Deusto', '2025-04-05T13:14:38.860333'),
('BP2', 43.27185821533203, -2.9392452239990234, 2, 80, 29.2, 35, 1015, 89, 0, 'Deusto', '2025-04-05T13:14:40.074885'),
('BP2', 43.27189254760742, -2.939314603805542, 2, 80, 29.2, 35, 1015, 90, 0, 'Deusto', '2025-04-05T13:14:41.252504'),
('BP2', 43.271915435791016, -2.93938946723938, 2, 80, 29.1, 35, 1015, 89, 930, 'Deusto', '2025-04-05T13:14:42.445157'),
('BP2', 43.27193832397461, -2.939465045928955, 2, 80, 29.1, 35, 1015, 87, 766, 'Deusto', '2025-04-05T13:14:43.581891'),
('BP2', 43.2719612121582, -2.939541816711426, 2, 81, 29.1, 36, 1015, 85, 827, 'Deusto', '2025-04-05T13:14:44.755630'),
('BP2', 43.27198028564453, -2.9396204948425293, 3, 82, 29, 36, 1015, 83, 0, 'Deusto', '2025-04-05T13:14:45.984258'),
('BP2', 43.27198791503906, -2.9397242069244385, 2, 82, 29, 36, 1015, 79, 0, 'Deusto', '2025-04-05T13:14:47.165621'),
('BP2', 43.272010803222656, -2.939826726913452, 2, 82, 29, 36, 1015, 87, 0, 'Deusto', '2025-04-05T13:14:48.998075'),
('BP2', 43.27198791503906, -2.939927101135254, 2, 82, 29, 36, 1015, 75, 0, 'Deusto', '2025-04-05T13:14:50.140563'),
('BP2', 43.27198791503906, -2.939995765686035, 1, 82, 29, 36, 1015, 76, 0, 'Deusto', '2025-04-05T13:14:51.308889'),
('BP2', 43.27199172973633, -2.9400627613067627, 1, 82, 28.9, 36, 1015, 71, 0, 'Deusto', '2025-04-05T13:14:52.490246'),
('BP2', 43.27198791503906, -2.94012713432312, 1, 82, 28.9, 36, 1015, 68, 0, 'Deusto', '2025-04-05T13:14:53.659537'),
('BP2', 43.27198028564453, -2.940185546875, 1, 82, 28.9, 36, 1015, 65, 0, 'Deusto', '2025-04-05T13:14:54.838642'),
('BP2', 43.27197265625, -2.940232038497925, 2, 82, 28.9, 36, 1015, 62, 0, 'Deusto', '2025-04-05T13:14:55.983563'),
('BP2', 43.271949768066406, -2.9402618408203125, 2, 82, 28.9, 36, 1015, 66, 0, 'Deusto', '2025-04-05T13:14:57.193229'),
('BP2', 43.271942138671875, -2.940290927886963, 1, 82, 28.9, 36, 1015, 65, 0, 'Deusto', '2025-04-05T13:14:58.329385'),
('BP2', 43.271934509277344, -2.9403154850006104, 1, 82, 28.9, 36, 1015, 66, 0, 'Deusto', '2025-04-05T13:14:59.485424'),
('BP2', 43.27193069458008, -2.9403364658355713, 1, 82, 28.9, 36, 1015, 68, 0, 'Deusto', '2025-04-05T13:15:00.689602'),
('BP2', 43.27192687988281, -2.940351724624634, 1, 82, 28.8, 36, 1015, 66, 0, 'Deusto', '2025-04-05T13:15:01.857933'),
('BP2', 43.27192306518555, -2.940363645553589, 1, 82, 28.8, 36, 1015, 66, 0, 'Deusto', '2025-04-05T13:15:03.072242'),
('BP2', 43.271915435791016, -2.9403483867645264, 1, 82, 28.8, 36, 1015, 68, 0, 'Deusto', '2025-04-05T13:15:04.220280'),
('BP2', 43.27191162109375, -2.9403510093688965, 1, 82, 28.8, 36, 1015, 78, 0, 'Deusto', '2025-04-05T13:15:05.383426'),
('BP2', 43.27191162109375, -2.940354108810425, 1, 82, 28.8, 36, 1015, 79, 0, 'Deusto', '2025-04-05T13:15:06.581411'),
('BP2', 43.271907806396484, -2.940352201461792, 1, 82, 28.8, 36, 1015, 64, 0, 'Deusto', '2025-04-05T13:15:07.739534'),
('BP2', 43.271907806396484, -2.940347671508789, 1, 82, 28.8, 36, 1015, 68, 0, 'Deusto', '2025-04-05T13:15:08.930683'),
('BP2', 43.27190399169922, -2.9403257369995117, 1, 82, 28.8, 36, 1015, 73, 0, 'Deusto', '2025-04-05T13:15:10.098461'),
('BP2', 43.271907806396484, -2.9403207302093506, 1, 82, 28.8, 36, 1015, 65, 0, 'Deusto', '2025-04-05T13:15:11.234280'),
('BP2', 43.27191162109375, -2.940315008163452, 1, 82, 28.8, 36, 1015, 65, 0, 'Deusto', '2025-04-05T13:15:12.392570'),
('BP2', 43.271915435791016, -2.9403092861175537, 1, 82, 28.8, 36, 1015, 65, 0, 'Deusto', '2025-04-05T13:15:13.566833'),
('BP2', 43.27192306518555, -2.94030499458313, 1, 82, 28.8, 36, 1015, 64, 0, 'Deusto', '2025-04-05T13:15:14.764977'),
('BP2', 43.27193069458008, -2.940300703048706, 1, 82, 28.8, 36, 1015, 77, 0, 'Deusto', '2025-04-05T13:15:15.881037'),
('BP2', 43.27193069458008, -2.940300703048706, 1, 82, 28.8, 36, 1015, 77, 0, 'Deusto', '2025-04-05T13:15:17.014199'),
('BP2', 43.27193069458008, -2.940300703048706, 1, 82, 28.8, 36, 1015, 84, 0, 'Deusto', '2025-04-05T13:15:18.142436'),
('BP2', 43.271976470947266, -2.9402754306793213, 1, 82, 28.7, 36, 1015, 76, 0, 'Deusto', '2025-04-05T13:15:19.288967'),
('BP2', 43.27198028564453, -2.940264940261841, 1, 82, 28.7, 36, 1015, 76, 0, 'Deusto', '2025-04-05T13:15:20.449807'),
('BP2', 43.2719841003418, -2.9402637481689453, 1, 82, 28.7, 36, 1015, 76, 0, 'Deusto', '2025-04-05T13:15:21.615970'),
('BP2', 43.2719841003418, -2.9402637481689453, 1, 82, 28.7, 36, 1015, 79, 0, 'Deusto', '2025-04-05T13:15:22.759038'),
('BP2', 43.271995544433594, -2.9402263164520264, 2, 83, 28.7, 37, 1015, 78, 1245, 'Deusto', '2025-04-05T13:15:23.918580'),
('BP2', 43.271976470947266, -2.940218925476074, 1, 83, 28.7, 37, 1015, 72, 1150, 'Deusto', '2025-04-05T13:15:25.107464'),
('BP2', 43.27197265625, -2.9402072429656982, 1, 83, 28.7, 37, 1015, 79, 1145, 'Deusto', '2025-04-05T13:15:26.258668'),
('BP2', 43.271968841552734, -2.9401941299438477, 2, 83, 28.7, 37, 1015, 66, 1216, 'Deusto', '2025-04-05T13:15:27.398468'),
('BP2', 43.27196502685547, -2.9401800632476807, 2, 83, 28.7, 37, 1015, 71, 1192, 'Deusto', '2025-04-05T13:15:28.537915'),
('BP2', 43.2719612121582, -2.9401609897613525, 2, 83, 28.7, 37, 1015, 69, 1121, 'Deusto', '2025-04-05T13:15:29.709424'),
('BP2', 43.27195739746094, -2.940133810043335, 2, 83, 28.7, 37, 1015, 73, 1076, 'Deusto', '2025-04-05T13:15:30.907153'),
('BP2', 43.271949768066406, -2.9400687217712402, 2, 83, 28.7, 37, 1015, 82, 964, 'Deusto', '2025-04-05T13:15:32.116602'),
('BP2', 43.271949768066406, -2.9400105476379395, 2, 83, 28.7, 37, 1015, 86, 840, 'Deusto', '2025-04-05T13:15:33.304392'),
('BP2', 43.271949768066406, -2.9399425983428955, 3, 83, 28.7, 37, 1015, 89, 185, 'Deusto', '2025-04-05T13:15:34.464683'),
('BP2', 43.27194595336914, -2.9398701190948486, 2, 83, 28.7, 37, 1015, 91, 54, 'Deusto', '2025-04-05T13:15:35.635360'),
('BP2', 43.27194595336914, -2.9397969245910645, 3, 83, 28.6, 37, 1015, 90, 352, 'Deusto', '2025-04-05T13:15:36.808298'),
('BP2', 43.27194595336914, -2.9397199153900146, 2, 83, 28.6, 37, 1015, 100, 946, 'Deusto', '2025-04-05T13:15:37.975109'),
('BP2', 43.27195358276367, -2.939582347869873, 2, 83, 28.6, 37, 1015, 95, 1045, 'Deusto', '2025-04-05T13:15:39.181720'),
('BP2', 43.271942138671875, -2.9394876956939697, 2, 83, 28.6, 37, 1015, 92, 1034, 'Deusto', '2025-04-05T13:15:40.402764'),
('BP2', 43.27193832397461, -2.9393837451934814, 3, 84, 28.5, 37, 1015, 92, 1021, 'Deusto', '2025-04-05T13:15:41.642612'),
('BP2', 43.27191925048828, -2.9392812252044678, 2, 84, 28.5, 37, 1015, 100, 1027, 'Deusto', '2025-04-05T13:15:42.922536'),
('BP2', 43.27187728881836, -2.9391791820526123, 3, 84, 28.5, 37, 1015, 99, 1461, 'Deusto', '2025-04-05T13:15:44.092101'),
('BP2', 43.271846771240234, -2.9390952587127686, 2, 84, 28.5, 37, 1015, 98, 0, 'Deusto', '2025-04-05T13:15:45.278325'),
('BP2', 43.271812438964844, -2.939016342163086, 2, 84, 28.4, 37, 1015, 98, 0, 'Deusto', '2025-04-05T13:15:46.454388'),
('BP2', 43.27177429199219, -2.9389545917510986, 2, 84, 28.4, 37, 1015, 88, 0, 'Deusto', '2025-04-05T13:15:47.642329'),
('BP2', 43.271732330322266, -2.938890218734741, 2, 84, 28.4, 37, 1015, 85, 0, 'Deusto', '2025-04-05T13:15:48.925774'),
('BP2', 43.27166748046875, -2.938831329345703, 2, 84, 28.4, 37, 1015, 84, 0, 'Deusto', '2025-04-05T13:15:50.132048'),
('BP2', 43.27162170410156, -2.9387753009796143, 4, 84, 28.4, 37, 1015, 90, 0, 'Deusto', '2025-04-05T13:15:51.292624'),
('BP2', 43.27157974243164, -2.938722610473633, 3, 84, 28.4, 37, 1016, 91, 0, 'Deusto', '2025-04-05T13:15:52.477437'),
('BP2', 43.27153396606445, -2.9386682510375977, 3, 84, 28.4, 37, 1016, 94, 0, 'Deusto', '2025-04-05T13:15:53.649074'),
('BP2', 43.271488189697266, -2.9386117458343506, 3, 84, 28.4, 37, 1016, 84, 0, 'Deusto', '2025-04-05T13:15:54.829593'),
('BP2', 43.27144241333008, -2.93856143951416, 2, 84, 28.4, 37, 1016, 85, 0, 'Deusto', '2025-04-05T13:15:56.059133'),
('BP2', 43.27137756347656, -2.938551902770996, 2, 84, 28.4, 37, 1016, 78, 0, 'Deusto', '2025-04-05T13:15:57.238883'),
('BP2', 43.271331787109375, -2.9385247230529785, 3, 84, 28.4, 37, 1016, 86, 0, 'Deusto', '2025-04-05T13:15:58.474481'),
('BP2', 43.27128601074219, -2.938504934310913, 3, 84, 28.4, 37, 1016, 72, 0, 'Deusto', '2025-04-05T13:15:59.656200'),
('BP2', 43.271240234375, -2.938493251800537, 4, 84, 28.4, 37, 1016, 78, 0, 'Deusto', '2025-04-05T13:16:00.805991'),
('BP2', 43.27119827270508, -2.938488245010376, 2, 84, 28.4, 37, 1016, 71, 0, 'Deusto', '2025-04-05T13:16:02.017702'),
('BP2', 43.27116775512695, -2.938542127609253, 2, 84, 28.4, 37, 1016, 70, 0, 'Deusto', '2025-04-05T13:16:03.200463'),
('BP2', 43.271141052246094, -2.9385571479797363, 2, 84, 28.4, 37, 1016, 82, 0, 'Deusto', '2025-04-05T13:16:04.360570'),
('BP2', 43.27112579345703, -2.9385759830474854, 2, 84, 28.4, 37, 1016, 87, 0, 'Deusto', '2025-04-05T13:16:05.527536'),
('BP2', 43.271114349365234, -2.938593626022339, 2, 83, 28.5, 36, 1016, 67, 0, 'Deusto', '2025-04-05T13:16:06.687450'),
('BP2', 43.271114349365234, -2.9386050701141357, 2, 83, 28.4, 36, 1016, 77, 0, 'Deusto', '2025-04-05T13:16:07.922969'),
('BP2', 43.27115249633789, -2.9386558532714844, 1, 83, 28.4, 36, 1016, 67, 0, 'Deusto', '2025-04-05T13:16:09.124881'),
('BP2', 43.27116775512695, -2.938671112060547, 1, 83, 28.4, 36, 1016, 67, 0, 'Deusto', '2025-04-05T13:16:10.326817'),
('BP2', 43.27119445800781, -2.938685178756714, 1, 83, 28.4, 36, 1016, 67, 0, 'Deusto', '2025-04-05T13:16:11.529895'),
('BP2', 43.27122116088867, -2.9386963844299316, 1, 83, 28.4, 36, 1016, 66, 0, 'Deusto', '2025-04-05T13:16:12.715609'),
('BP2', 43.271244049072266, -2.938713788986206, 2, 83, 28.4, 36, 1016, 70, 0, 'Deusto', '2025-04-05T13:16:13.882979'),
('BP2', 43.27125930786133, -2.9387335777282715, 3, 83, 28.4, 36, 1016, 68, 0, 'Deusto', '2025-04-05T13:16:15.037723'),
('BP2', 43.271297454833984, -2.9387731552124023, 1, 83, 28.4, 36, 1016, 67, 0, 'Deusto', '2025-04-05T13:16:16.193093'),
('BP2', 43.27131652832031, -2.9387919902801514, 1, 83, 28.4, 36, 1016, 67, 0, 'Deusto', '2025-04-05T13:16:17.362419'),
('BP2', 43.27133560180664, -2.9388091564178467, 1, 83, 28.4, 36, 1016, 68, 2073, 'Deusto', '2025-04-05T13:16:18.560230'),
('BP2', 43.271358489990234, -2.938823938369751, 1, 83, 28.3, 36, 1016, 66, 0, 'Deusto', '2025-04-05T13:16:19.734911'),
('BP2', 43.27137756347656, -2.938837766647339, 1, 83, 28.3, 36, 1016, 67, 0, 'Deusto', '2025-04-05T13:16:20.880576'),
('BP2', 43.27140426635742, -2.9388620853424072, 1, 83, 28.3, 36, 1016, 67, 0, 'Deusto', '2025-04-05T13:16:22.105177'),
('BP2', 43.271419525146484, -2.938873291015625, 1, 83, 28.3, 36, 1016, 64, 0, 'Deusto', '2025-04-05T13:16:23.329864'),
('BP2', 43.27143096923828, -2.9388833045959473, 1, 83, 28.3, 36, 1016, 70, 0, 'Deusto', '2025-04-05T13:16:24.561744'),
('BP2', 43.27144241333008, -2.938892126083374, 1, 83, 28.3, 36, 1016, 72, 0, 'Deusto', '2025-04-05T13:16:25.812917'),
('BP2', 43.271453857421875, -2.9388999938964844, 1, 83, 28.3, 36, 1016, 73, 0, 'Deusto', '2025-04-05T13:16:27.028510'),
('BP2', 43.27145767211914, -2.9389102458953857, 1, 83, 28.3, 36, 1016, 72, 0, 'Deusto', '2025-04-05T13:16:28.222205'),
('BP2', 43.27146530151367, -2.938915252685547, 1, 83, 28.3, 36, 1016, 71, 0, 'Deusto', '2025-04-05T13:16:29.393395'),
('BP2', 43.27146911621094, -2.9389195442199707, 1, 83, 28.3, 36, 1016, 74, 0, 'Deusto', '2025-04-05T13:16:30.542486'),
('BP2', 43.2714729309082, -2.9389233589172363, 1, 83, 28.3, 36, 1016, 69, 0, 'Deusto', '2025-04-05T13:16:31.712431'),
('BP2', 43.2714729309082, -2.938926935195923, 1, 83, 28.3, 36, 1016, 70, 0, 'Deusto', '2025-04-05T13:16:33.008119'),
('BP2', 43.2714729309082, -2.938931703567505, 1, 83, 28.3, 36, 1016, 69, 0, 'Deusto', '2025-04-05T13:16:34.399340'),
('BP2', 43.2714729309082, -2.938934087753296, 1, 83, 28.3, 36, 1016, 70, 0, 'Deusto', '2025-04-05T13:16:35.592550'),
('BP2', 43.27147674560547, -2.9389359951019287, 1, 83, 28.3, 36, 1016, 74, 0, 'Deusto', '2025-04-05T13:16:36.851537'),
('BP2', 43.27147674560547, -2.9389374256134033, 1, 83, 28.3, 36, 1016, 70, 0, 'Deusto', '2025-04-05T13:16:38.081792'),
('BP2', 43.2714729309082, -2.9389398097991943, 1, 83, 28.3, 36, 1016, 71, 0, 'Deusto', '2025-04-05T13:16:39.278212'),
('BP2', 43.2714729309082, -2.9389402866363525, 1, 83, 28.3, 36, 1016, 69, 0, 'Deusto', '2025-04-05T13:16:40.436652'),
('BP2', 43.27146911621094, -2.9389407634735107, 1, 83, 28.3, 36, 1016, 66, 0, 'Deusto', '2025-04-05T13:16:41.590852'),
('BP2', 43.27146911621094, -2.93894100189209, 1, 83, 28.3, 36, 1016, 70, 0, 'Deusto', '2025-04-05T13:16:42.755688'),
('BP2', 43.27146911621094, -2.93894100189209, 1, 84, 28.3, 37, 1016, 74, 0, 'Deusto', '2025-04-05T13:16:43.967041'),
('BP2', 43.27146530151367, -2.938941478729248, 1, 84, 28.3, 37, 1016, 71, 0, 'Deusto', '2025-04-05T13:16:45.142793'),
('BP2', 43.27146530151367, -2.938941240310669, 1, 84, 28.3, 37, 1016, 71, 0, 'Deusto', '2025-04-05T13:16:46.352749'),
('BP2', 43.271461486816406, -2.93894100189209, 1, 84, 28.3, 37, 1016, 71, 0, 'Deusto', '2025-04-05T13:16:47.530887'),
('BP2', 43.271461486816406, -2.9389405250549316, 1, 84, 28.3, 37, 1016, 72, 0, 'Deusto', '2025-04-05T13:16:48.678827'),
('BP2', 43.27145767211914, -2.9389400482177734, 1, 84, 28.2, 37, 1016, 69, 0, 'Deusto', '2025-04-05T13:16:49.857818'),
('BP2', 43.27145767211914, -2.9389398097991943, 1, 84, 28.2, 37, 1016, 72, 0, 'Deusto', '2025-04-05T13:16:50.989053'),
('BP2', 43.271453857421875, -2.9389402866363525, 1, 84, 28.2, 37, 1016, 67, 0, 'Deusto', '2025-04-05T13:16:52.204976'),
('BP2', 43.271453857421875, -2.9389400482177734, 1, 84, 28.2, 37, 1016, 66, 0, 'Deusto', '2025-04-05T13:16:53.384371'),
('BP2', 43.271453857421875, -2.9389398097991943, 1, 84, 28.2, 37, 1016, 68, 0, 'Deusto', '2025-04-05T13:16:54.555933'),
('BP2', 43.271453857421875, -2.9389398097991943, 1, 84, 28.2, 36, 1016, 65, 0, 'Deusto', '2025-04-05T13:16:55.750104'),
('BP2', 43.27145004272461, -2.9389395713806152, 1, 84, 28.1, 36, 1016, 69, 0, 'Deusto', '2025-04-05T13:16:56.913173'),
('BP2', 43.27145004272461, -2.938939332962036, 1, 84, 28.1, 36, 1016, 67, 0, 'Deusto', '2025-04-05T13:16:58.112639'),
('BP2', 43.27145004272461, -2.9389400482177734, 1, 85, 28.1, 37, 1016, 67, 0, 'Deusto', '2025-04-05T13:16:59.266507'),
('BP2', 43.27145004272461, -2.9389398097991943, 1, 85, 28.1, 37, 1016, 66, 0, 'Deusto', '2025-04-05T13:17:00.457868'),
('BP2', 43.27145004272461, -2.9389395713806152, 1, 85, 28.1, 37, 1016, 65, 0, 'Deusto', '2025-04-05T13:17:01.637668'),
('BP2', 43.271446228027344, -2.938939332962036, 1, 85, 28.1, 37, 1016, 67, 0, 'Deusto', '2025-04-05T13:17:02.789604'),
('BP2', 43.27144241333008, -2.9389395713806152, 1, 97, 24.1, 52, 1016, 74, 0, 'Deusto', '2025-04-05T13:17:18.741059'),
('BP2', 43.27144241333008, -2.938939332962036, 1, 97, 24.1, 52, 1016, 71, 0, 'Deusto', '2025-04-05T13:17:19.962765'),
('BP2', 43.27144241333008, -2.9389402866363525, 1, 97, 24.1, 52, 1016, 65, 0, 'Deusto', '2025-04-05T13:17:21.158652'),
('BP2', 43.27144241333008, -2.9389402866363525, 1, 97, 24.1, 52, 1016, 69, 0, 'Deusto', '2025-04-05T13:17:22.371631'),
('BP2', 43.27144241333008, -2.9389402866363525, 1, 97, 24.1, 52, 1016, 65, 0, 'Deusto', '2025-04-05T13:17:23.595621'),
('BP2', 43.27144241333008, -2.9389402866363525, 1, 97, 24.1, 52, 1016, 64, 0, 'Deusto', '2025-04-05T13:17:24.853928'),
('BP2', 43.27144241333008, -2.9389402866363525, 1, 97, 24.1, 52, 1016, 65, 0, 'Deusto', '2025-04-05T13:17:26.027242'),
('BP2', 43.27144241333008, -2.938941240310669, 1, 97, 24.1, 52, 1016, 64, 0, 'Deusto', '2025-04-05T13:17:27.235073'),
('BP2', 43.27144241333008, -2.938941240310669, 1, 97, 24.1, 52, 1016, 65, 0, 'Deusto', '2025-04-05T13:17:28.435949'),
('BP2', 43.27144241333008, -2.938941240310669, 1, 97, 24.1, 52, 1016, 65, 0, 'Deusto', '2025-04-05T13:17:29.632538'),
('BP2', 43.27144241333008, -2.938941478729248, 1, 97, 24.1, 52, 1016, 64, 0, 'Deusto', '2025-04-05T13:17:30.821269'),
('BP2', 43.27144241333008, -2.938941478729248, 1, 97, 24.1, 52, 1016, 66, 0, 'Deusto', '2025-04-05T13:17:32.037960'),
('BP2', 43.271446228027344, -2.9389421939849854, 1, 97, 24.1, 52, 1016, 65, 0, 'Deusto', '2025-04-05T13:17:33.230260'),
('BP2', 43.271446228027344, -2.9389421939849854, 1, 97, 24.1, 52, 1016, 64, 0, 'Deusto', '2025-04-05T13:17:34.480974'),
('BP2', 43.271446228027344, -2.9389424324035645, 1, 97, 24.1, 52, 1016, 65, 0, 'Deusto', '2025-04-05T13:17:35.663769'),
('BP2', 43.271446228027344, -2.9389424324035645, 1, 97, 24.1, 52, 1016, 66, 0, 'Deusto', '2025-04-05T13:17:36.862344'),
('BP2', 43.271446228027344, -2.9389424324035645, 1, 97, 24.1, 52, 1016, 64, 0, 'Deusto', '2025-04-05T13:17:38.080197'),
('BP2', 43.271446228027344, -2.9389429092407227, 1, 97, 24.1, 52, 1016, 65, 0, 'Deusto', '2025-04-05T13:17:39.270784'),
('BP2', 43.271446228027344, -2.9389431476593018, 1, 97, 24.2, 52, 1016, 65, 0, 'Deusto', '2025-04-05T13:17:40.464468'),
('BP2', 43.271446228027344, -2.9389431476593018, 1, 97, 24.2, 52, 1016, 65, 0, 'Deusto', '2025-04-05T13:17:41.667776'),
('BP2', 43.271446228027344, -2.9389431476593018, 1, 97, 24.2, 52, 1016, 64, 0, 'Deusto', '2025-04-05T13:17:42.865718'),
('BP2', 43.271446228027344, -2.938943386077881, 1, 97, 24.2, 52, 1016, 66, 0, 'Deusto', '2025-04-05T13:17:44.073800'),
('BP2', 43.271446228027344, -2.938943862915039, 1, 97, 24.2, 52, 1016, 65, 0, 'Deusto', '2025-04-05T13:17:45.266664'),
('BP2', 43.271446228027344, -2.938944101333618, 1, 97, 24.2, 52, 1016, 65, 0, 'Deusto', '2025-04-05T13:17:46.468666'),
('BP2', 43.271446228027344, -2.938944101333618, 1, 97, 24.2, 52, 1016, 63, 0, 'Deusto', '2025-04-05T13:17:47.707464'),
('BP2', 43.271446228027344, -2.9389443397521973, 1, 97, 24.2, 52, 1016, 65, 0, 'Deusto', '2025-04-05T13:17:48.921376'),
('BP2', 43.271446228027344, -2.9389445781707764, 1, 97, 24.2, 52, 1016, 64, 0, 'Deusto', '2025-04-05T13:17:50.111658'),
('BP2', 43.271446228027344, -2.9389448165893555, 1, 97, 24.2, 52, 1016, 65, 0, 'Deusto', '2025-04-05T13:17:51.353125'),
('BP2', 43.271446228027344, -2.9389450550079346, 1, 97, 24.2, 52, 1016, 66, 0, 'Deusto', '2025-04-05T13:17:52.540812'),
('BP2', 43.271446228027344, -2.9389452934265137, 1, 97, 24.2, 52, 1016, 66, 0, 'Deusto', '2025-04-05T13:17:53.744695'),
('BP2', 43.27145004272461, -2.9389452934265137, 1, 97, 24.2, 52, 1016, 66, 0, 'Deusto', '2025-04-05T13:17:54.946532'),
('BP2', 43.27145004272461, -2.9389455318450928, 1, 97, 24.2, 52, 1016, 64, 0, 'Deusto', '2025-04-05T13:17:56.157430'),
('BP2', 43.27145004272461, -2.938945770263672, 1, 97, 24.1, 52, 1016, 65, 0, 'Deusto', '2025-04-05T13:17:57.345193'),
('BP2', 43.27145004272461, -2.938945770263672, 1, 97, 24.2, 52, 1016, 64, 0, 'Deusto', '2025-04-05T13:17:58.637468'),
('BP2', 43.27145004272461, -2.938946008682251, 1, 97, 24.2, 52, 1016, 65, 0, 'Deusto', '2025-04-05T13:17:59.859454'),
('BP2', 43.27145004272461, -2.938946008682251, 1, 97, 24.1, 52, 1016, 65, 0, 'Deusto', '2025-04-05T13:18:01.068668'),
('BP2', 43.27145004272461, -2.93894624710083, 1, 97, 24.1, 52, 1016, 65, 0, 'Deusto', '2025-04-05T13:18:02.277788'),
('BP2', 43.27145004272461, -2.93894624710083, 1, 97, 24.2, 52, 1016, 65, 0, 'Deusto', '2025-04-05T13:18:03.480804'),
('BP2', 43.27145004272461, -2.93894624710083, 1, 97, 24.2, 52, 1016, 65, 0, 'Deusto', '2025-04-05T13:18:04.658548'),
('BP2', 43.27145004272461, -2.93894624710083, 1, 97, 24.2, 52, 1016, 64, 0, 'Deusto', '2025-04-05T13:18:05.907587'),
('BP2', 43.27145004272461, -2.938946485519409, 1, 97, 24.2, 52, 1016, 65, 0, 'Deusto', '2025-04-05T13:18:07.178675'),
('BP2', 43.27145004272461, -2.938946485519409, 1, 97, 24.2, 52, 1016, 63, 0, 'Deusto', '2025-04-05T13:18:08.433704'),
('BP2', 43.27145004272461, -2.938946485519409, 1, 97, 24.2, 52, 1016, 66, 0, 'Deusto', '2025-04-05T13:18:09.666383'),
('BP2', 43.27145004272461, -2.938946485519409, 1, 97, 24.2, 52, 1016, 66, 0, 'Deusto', '2025-04-05T13:18:10.855795'),
('BP2', 43.27145004272461, -2.938946485519409, 1, 97, 24.2, 52, 1016, 67, 0, 'Deusto', '2025-04-05T13:18:12.064370'),
('BP2', 43.27145004272461, -2.9389467239379883, 1, 97, 24.2, 52, 1016, 66, 0, 'Deusto', '2025-04-05T13:18:13.255528'),
('BP2', 43.27145004272461, -2.9389467239379883, 1, 97, 24.2, 52, 1016, 67, 0, 'Deusto', '2025-04-05T13:18:14.511091'),
('BP2', 43.27145004272461, -2.9389467239379883, 1, 97, 24.2, 52, 1016, 66, 0, 'Deusto', '2025-04-05T13:18:15.711851'),
('BP2', 43.27145004272461, -2.9389467239379883, 1, 97, 24.1, 52, 1016, 66, 0, 'Deusto', '2025-04-05T13:18:16.903676'),
('BP2', 43.27145004272461, -2.938946485519409, 1, 97, 24.1, 52, 1016, 65, 0, 'Deusto', '2025-04-05T13:18:18.117358'),
('BP2', 43.27145004272461, -2.938946485519409, 1, 97, 24.1, 52, 1016, 64, 0, 'Deusto', '2025-04-05T13:18:19.304245'),
('BP2', 43.27145004272461, -2.938946485519409, 1, 97, 24.1, 52, 1016, 65, 0, 'Deusto', '2025-04-05T13:18:20.466783'),
('BP2', 43.27145004272461, -2.938946485519409, 1, 97, 24.1, 52, 1016, 66, 0, 'Deusto', '2025-04-05T13:18:21.628456'),
('BP2', 43.271446228027344, -2.938946485519409, 1, 97, 24.1, 52, 1016, 65, 0, 'Deusto', '2025-04-05T13:18:22.817938'),
('BP2', 43.271446228027344, -2.93894624710083, 1, 97, 24.1, 52, 1016, 64, 0, 'Deusto', '2025-04-05T13:18:24.017043'),
('BP2', 43.271446228027344, -2.93894624710083, 1, 97, 24.1, 52, 1016, 65, 0, 'Deusto', '2025-04-05T13:18:25.268597'),
('BP2', 43.271446228027344, -2.93894624710083, 1, 97, 24.1, 52, 1016, 64, 0, 'Deusto', '2025-04-05T13:18:26.523760'),
('BP2', 43.271446228027344, -2.93894624710083, 1, 97, 24.1, 52, 1016, 65, 0, 'Deusto', '2025-04-05T13:18:28.336996'),
('BP2', 43.271446228027344, -2.938946008682251, 1, 97, 24.1, 52, 1016, 64, 0, 'Deusto', '2025-04-05T13:18:29.582308'),
('BP2', 43.271446228027344, -2.938946008682251, 1, 97, 24.1, 52, 1016, 65, 0, 'Deusto', '2025-04-05T13:18:30.842955'),
('BP2', 43.271446228027344, -2.938945770263672, 1, 97, 24.1, 52, 1016, 65, 0, 'Deusto', '2025-04-05T13:18:32.023207'),
('BP2', 43.271446228027344, -2.938945770263672, 1, 97, 24.1, 52, 1016, 66, 0, 'Deusto', '2025-04-05T13:18:33.222425'),
('BP2', 43.271446228027344, -2.9389455318450928, 1, 97, 24.1, 52, 1016, 64, 0, 'Deusto', '2025-04-05T13:18:34.425812'),
('BP2', 43.271446228027344, -2.9389452934265137, 1, 97, 24.1, 52, 1016, 64, 0, 'Deusto', '2025-04-05T13:18:35.628045'),
('BP2', 43.271446228027344, -2.9389450550079346, 1, 97, 24.1, 52, 1016, 64, 0, 'Deusto', '2025-04-05T13:18:36.859572'),
('BP2', 43.271446228027344, -2.9389448165893555, 1, 97, 24.1, 52, 1016, 64, 0, 'Deusto', '2025-04-05T13:18:38.077301'),
('BP2', 43.271446228027344, -2.9389448165893555, 1, 97, 24.1, 52, 1016, 65, 0, 'Deusto', '2025-04-05T13:18:39.257466'),
('BP2', 43.271446228027344, -2.9389448165893555, 1, 97, 24.2, 52, 1016, 64, 0, 'Deusto', '2025-04-05T13:18:40.458952'),
('BP2', 43.27144241333008, -2.9389445781707764, 1, 97, 24.2, 52, 1016, 64, 0, 'Deusto', '2025-04-05T13:18:41.623372'),
('BP2', 43.27144241333008, -2.9389443397521973, 1, 97, 24.2, 52, 1016, 66, 0, 'Deusto', '2025-04-05T13:18:42.820810'),
('BP2', 43.27144241333008, -2.938944101333618, 1, 97, 24.2, 52, 1016, 65, 0, 'Deusto', '2025-04-05T13:18:43.998814'),
('BP2', 43.27144241333008, -2.938944101333618, 1, 97, 24.2, 52, 1016, 64, 0, 'Deusto', '2025-04-05T13:18:45.186001'),
('BP2', 43.27144241333008, -2.93894362449646, 1, 97, 24.2, 52, 1016, 63, 0, 'Deusto', '2025-04-05T13:18:46.376072'),
('BP2', 43.27144241333008, -2.9389431476593018, 1, 97, 24.2, 52, 1016, 65, 0, 'Deusto', '2025-04-05T13:18:47.543398'),
('BP2', 43.27144241333008, -2.9389426708221436, 1, 97, 24.2, 52, 1016, 64, 0, 'Deusto', '2025-04-05T13:18:48.863383'),
('BP2', 43.27144241333008, -2.9389419555664062, 1, 97, 24.2, 52, 1016, 65, 0, 'Deusto', '2025-04-05T13:18:50.068844'),
('BP2', 43.27144241333008, -2.938941478729248, 1, 97, 24.2, 52, 1016, 64, 0, 'Deusto', '2025-04-05T13:18:51.307100'),
('BP2', 43.27144241333008, -2.938941240310669, 1, 97, 24.2, 52, 1016, 64, 0, 'Deusto', '2025-04-05T13:18:52.478158'),
('BP2', 43.27143859863281, -2.93894100189209, 1, 97, 24.2, 52, 1016, 65, 0, 'Deusto', '2025-04-05T13:18:53.663990'),
('BP2', 43.27143859863281, -2.9389407634735107, 1, 97, 24.2, 52, 1016, 67, 0, 'Deusto', '2025-04-05T13:18:54.866483'),
('BP2', 43.27143859863281, -2.9389402866363525, 1, 97, 24.2, 52, 1016, 64, 0, 'Deusto', '2025-04-05T13:18:56.058511'),
('BP2', 43.27143859863281, -2.93894100189209, 1, 97, 24.2, 52, 1016, 66, 0, 'Deusto', '2025-04-05T13:18:57.232957'),
('BP2', 43.27143859863281, -2.93894100189209, 1, 97, 24.2, 51, 1016, 65, 0, 'Deusto', '2025-04-05T13:18:58.513030'),
('BP2', 43.27143859863281, -2.93894100189209, 1, 97, 24.2, 51, 1016, 65, 0, 'Deusto', '2025-04-05T13:18:59.708325'),
('BP2', 43.27143859863281, -2.938941240310669, 1, 97, 24.2, 51, 1016, 65, 0, 'Deusto', '2025-04-05T13:19:00.901833'),
('BP2', 43.27143478393555, -2.938941478729248, 1, 97, 24.2, 51, 1016, 68, 0, 'Deusto', '2025-04-05T13:19:02.145328'),
('BP2', 43.27143478393555, -2.9389421939849854, 1, 97, 24.2, 51, 1016, 66, 0, 'Deusto', '2025-04-05T13:19:03.345434'),
('BP2', 43.27143478393555, -2.9389421939849854, 1, 97, 24.2, 51, 1016, 67, 0, 'Deusto', '2025-04-05T13:19:04.544576'),
('BP2', 43.27143478393555, -2.9389424324035645, 1, 97, 24.2, 51, 1016, 66, 0, 'Deusto', '2025-04-05T13:19:05.706856'),
('BP2', 43.27143478393555, -2.9389421939849854, 1, 97, 24.2, 51, 1016, 64, 0, 'Deusto', '2025-04-05T13:19:06.989987'),
('BP2', 43.27143478393555, -2.9389421939849854, 1, 97, 24.2, 51, 1016, 66, 0, 'Deusto', '2025-04-05T13:19:08.187633'),
('BP2', 43.27143478393555, -2.93894100189209, 1, 97, 24.2, 51, 1016, 72, 0, 'Deusto', '2025-04-05T13:19:09.531898'),
('BP2', 43.27143478393555, -2.938939094543457, 1, 97, 24.2, 51, 1016, 66, 0, 'Deusto', '2025-04-05T13:19:10.739185'),
('BP2', 43.27143478393555, -2.938936471939087, 1, 97, 24.2, 51, 1016, 67, 0, 'Deusto', '2025-04-05T13:19:11.965794'),
('BP2', 43.27143859863281, -2.9389350414276123, 1, 97, 24.2, 51, 1016, 66, 1438, 'Deusto', '2025-04-05T13:19:13.186445'),
('BP2', 43.27143859863281, -2.938932180404663, 1, 97, 24.2, 52, 1016, 90, 0, 'Deusto', '2025-04-05T13:19:14.344043'),
('BP2', 43.27144241333008, -2.9389286041259766, 1, 97, 24.1, 52, 1016, 65, 846, 'Deusto', '2025-04-05T13:19:15.547075'),
('BP2', 43.27144241333008, -2.938924789428711, 1, 97, 24.1, 52, 1016, 68, 878, 'Deusto', '2025-04-05T13:19:16.756399'),
('BP2', 43.27144241333008, -2.938920736312866, 1, 97, 24.1, 52, 1016, 71, 945, 'Deusto', '2025-04-05T13:19:17.957335'),
('BP2', 43.271446228027344, -2.938920021057129, 1, 97, 24.1, 52, 1016, 66, 830, 'Deusto', '2025-04-05T13:19:19.228565'),
('BP2', 43.271446228027344, -2.938915967941284, 1, 97, 24.1, 52, 1016, 62, 707, 'Deusto', '2025-04-05T13:19:20.424928'),
('BP2', 43.27145004272461, -2.9389121532440186, 1, 97, 24.1, 52, 1016, 61, 807, 'Deusto', '2025-04-05T13:19:21.594409'),
('BP2', 43.27145004272461, -2.9389076232910156, 1, 97, 24.1, 52, 1016, 66, 1135, 'Deusto', '2025-04-05T13:19:22.792006'),
('BP2', 43.271453857421875, -2.938903570175171, 1, 97, 24.1, 52, 1016, 61, 1242, 'Deusto', '2025-04-05T13:19:23.988834'),
('BP2', 43.271453857421875, -2.9389045238494873, 1, 98, 24, 52, 1016, 63, 1459, 'Deusto', '2025-04-05T13:19:25.267667'),
('BP2', 43.271453857421875, -2.9389007091522217, 1, 98, 24, 52, 1016, 66, 1367, 'Deusto', '2025-04-05T13:19:26.474896'),
('BP2', 43.271453857421875, -2.9388973712921143, 1, 98, 24, 52, 1016, 67, 0, 'Deusto', '2025-04-05T13:19:27.670508'),
('BP2', 43.27145767211914, -2.938894033432007, 1, 98, 24, 52, 1016, 64, 0, 'Deusto', '2025-04-05T13:19:28.868058'),
('BP2', 43.27145767211914, -2.9388909339904785, 1, 98, 24, 52, 1016, 62, 0, 'Deusto', '2025-04-05T13:19:30.071890'),
('BP2', 43.27145767211914, -2.9388952255249023, 1, 98, 24, 52, 1016, 68, 555, 'Deusto', '2025-04-05T13:19:31.270878'),
('BP2', 43.27145767211914, -2.9388926029205322, 1, 98, 24, 52, 1016, 66, 90, 'Deusto', '2025-04-05T13:19:32.473855'),
('BP2', 43.271461486816406, -2.9388904571533203, 1, 98, 24, 52, 1016, 67, 227, 'Deusto', '2025-04-05T13:19:33.665981'),
('BP2', 43.271461486816406, -2.9388885498046875, 1, 98, 24, 52, 1016, 66, 361, 'Deusto', '2025-04-05T13:19:34.829743'),
('BP2', 43.271461486816406, -2.9388859272003174, 1, 98, 24, 52, 1016, 66, 50, 'Deusto', '2025-04-05T13:19:36.067978'),
('BP2', 43.271461486816406, -2.938891649246216, 1, 98, 24, 52, 1016, 65, 279, 'Deusto', '2025-04-05T13:19:37.273124'),
('BP2', 43.271461486816406, -2.938889741897583, 1, 98, 24, 52, 1016, 69, 0, 'Deusto', '2025-04-05T13:19:38.467909'),
('BP2', 43.27146530151367, -2.9388880729675293, 1, 98, 24, 52, 1016, 67, 0, 'Deusto', '2025-04-05T13:19:39.663726'),
('BP2', 43.27146530151367, -2.9388866424560547, 1, 98, 24, 52, 1016, 65, 0, 'Deusto', '2025-04-05T13:19:40.828364'),
('BP2', 43.27146530151367, -2.938884973526001, 1, 98, 24, 52, 1016, 65, 0, 'Deusto', '2025-04-05T13:19:42.047002'),
('BP2', 43.27146530151367, -2.9388914108276367, 1, 98, 23.9, 52, 1016, 66, 0, 'Deusto', '2025-04-05T13:19:43.224634'),
('BP2', 43.27146530151367, -2.9388904571533203, 1, 98, 23.9, 52, 1016, 66, 0, 'Deusto', '2025-04-05T13:19:44.385927'),
('BP3', 43.27130889892578, -2.938937187194824, 2, 94, 25.4, 48, 1015, 69, 1695, 'Deusto', '2025-05-16T13:48:24.316255'),
('BP3', 43.27140426635742, -2.9389841556549072, 1, 94, 25.3, 49, 1015, 69, 1925, 'Deusto', '2025-05-16T13:48:25.564191'),
('BP3', 43.27147674560547, -2.939042091369629, 1, 94, 25.3, 49, 1015, 70, 1619, 'Deusto', '2025-05-16T13:48:26.759244'),
('BP3', 43.271514892578125, -2.939073324203491, 2, 94, 25.3, 49, 1015, 68, 1773, 'Deusto', '2025-05-16T13:48:27.955632'),
('BP3', 43.27154541015625, -2.9390885829925537, 1, 94, 25.3, 49, 1015, 70, 1700, 'Deusto', '2025-05-16T13:48:29.116144'),
('BP3', 43.271568298339844, -2.9390861988067627, 1, 94, 25.3, 49, 1015, 72, 1672, 'Deusto', '2025-05-16T13:48:30.298204'),
('BP3', 43.271583557128906, -2.9390738010406494, 1, 94, 25.2, 49, 1015, 71, 1809, 'Deusto', '2025-05-16T13:48:31.428191'),
('BP3', 43.2715950012207, -2.939066171646118, 1, 94, 25.2, 49, 1015, 74, 1810, 'Deusto', '2025-05-16T13:48:32.559008'),
('BP3', 43.271583557128906, -2.9390385150909424, 1, 94, 25.2, 50, 1015, 73, 2139, 'Deusto', '2025-05-16T13:48:33.739512'),
('BP3', 43.27158737182617, -2.9390311241149902, 2, 94, 25.2, 50, 1015, 71, 3034, 'Deusto', '2025-05-16T13:48:34.894896'),
('BP3', 43.27159118652344, -2.9390172958374023, 1, 94, 25.3, 50, 1015, 74, 2361, 'Deusto', '2025-05-16T13:48:35.987140'),
('BP3', 43.27159881591797, -2.9389986991882324, 2, 94, 25.3, 50, 1015, 74, 1408, 'Deusto', '2025-05-16T13:48:37.150231'),
('BP3', 43.271602630615234, -2.9389798641204834, 2, 94, 25.3, 50, 1015, 73, 2141, 'Deusto', '2025-05-16T13:48:38.293975'),
('BP3', 43.271602630615234, -2.938962697982788, 1, 94, 25.3, 50, 1015, 77, 2026, 'Deusto', '2025-05-16T13:48:39.463007'),
('BP3', 43.27159881591797, -2.938943862915039, 1, 94, 25.3, 50, 1015, 74, 2036, 'Deusto', '2025-05-16T13:48:40.667584'),
('BP3', 43.2715950012207, -2.938937187194824, 2, 94, 25.3, 50, 1015, 76, 1936, 'Deusto', '2025-05-16T13:48:41.816380'),
('BP3', 43.2715950012207, -2.9389336109161377, 2, 94, 25.4, 50, 1015, 75, 1838, 'Deusto', '2025-05-16T13:48:43.012367'),
('BP3', 43.27159118652344, -2.9389312267303467, 3, 94, 25.4, 50, 1015, 79, 1828, 'Deusto', '2025-05-16T13:48:44.188516'),
('BP3', 43.27157974243164, -2.938927412033081, 2, 94, 25.4, 50, 1015, 74, 1954, 'Deusto', '2025-05-16T13:48:45.332085'),
('BP3', 43.271568298339844, -2.9389243125915527, 1, 94, 25.4, 50, 1015, 73, 1983, 'Deusto', '2025-05-16T13:48:46.503337'),
('BP3', 43.27153778076172, -2.9389185905456543, 3, 94, 25.4, 50, 1015, 75, 2332, 'Deusto', '2025-05-16T13:48:47.672563'),
('BP3', 43.271514892578125, -2.938915491104126, 3, 94, 25.4, 50, 1015, 84, 3126, 'Deusto', '2025-05-16T13:48:48.846292'),
('BP3', 43.27149200439453, -2.9389123916625977, 2, 94, 25.4, 50, 1015, 73, 3678, 'Deusto', '2025-05-16T13:48:49.989406'),
('BP3', 43.27146530151367, -2.938906192779541, 3, 94, 25.4, 50, 1015, 91, 4629, 'Deusto', '2025-05-16T13:48:51.199839'),
('BP3', 43.27143859863281, -2.938889980316162, 2, 94, 25.4, 50, 1015, 75, 4115, 'Deusto', '2025-05-16T13:48:52.377493'),
('BP3', 43.27140808105469, -2.938866376876831, 3, 94, 25.4, 49, 1015, 76, 4154, 'Deusto', '2025-05-16T13:48:53.539314'),
('BP3', 43.27136993408203, -2.9388210773468018, 4, 94, 25.4, 49, 1015, 89, 3535, 'Deusto', '2025-05-16T13:48:54.703667'),
('BP3', 43.271339416503906, -2.9388043880462646, 3, 94, 25.4, 49, 1015, 75, 3271, 'Deusto', '2025-05-16T13:48:55.867957'),
('BP3', 43.27131271362305, -2.9387848377227783, 3, 94, 25.4, 49, 1015, 80, 3653, 'Deusto', '2025-05-16T13:48:56.991902'),
('BP3', 43.27128219604492, -2.93876576423645, 2, 94, 25.4, 49, 1015, 75, 4443, 'Deusto', '2025-05-16T13:48:58.143667'),
('BP3', 43.2712516784668, -2.9387528896331787, 3, 94, 25.4, 49, 1016, 78, 5320, 'Deusto', '2025-05-16T13:48:59.315884'),
('BP3', 43.27122116088867, -2.9387505054473877, 2, 94, 25.4, 49, 1016, 72, 4571, 'Deusto', '2025-05-16T13:49:00.506872'),
('BP3', 43.27119064331055, -2.9387683868408203, 4, 94, 25.4, 49, 1016, 74, 4771, 'Deusto', '2025-05-16T13:49:01.674619'),
('BP3', 43.27116394042969, -2.9387807846069336, 4, 94, 25.4, 49, 1016, 83, 4393, 'Deusto', '2025-05-16T13:49:02.863251'),
('BP3', 43.27114486694336, -2.938793182373047, 2, 94, 25.4, 49, 1016, 75, 4909, 'Deusto', '2025-05-16T13:49:04.014684'),
('BP3', 43.2711296081543, -2.938807249069214, 2, 94, 25.4, 49, 1016, 70, 5197, 'Deusto', '2025-05-16T13:49:05.227610'),
('BP3', 43.271121978759766, -2.938821792602539, 2, 94, 25.5, 48, 1016, 68, 5594, 'Deusto', '2025-05-16T13:49:06.389536'),
('BP3', 43.271121978759766, -2.9388365745544434, 1, 94, 25.5, 48, 1016, 74, 5240, 'Deusto', '2025-05-16T13:49:07.607090'),
('BP3', 43.27115249633789, -2.938854932785034, 1, 94, 25.5, 48, 1016, 73, 3327, 'Deusto', '2025-05-16T13:49:08.794685'),
('BP3', 43.27116775512695, -2.93886399269104, 1, 94, 25.5, 48, 1015, 71, 1780, 'Deusto', '2025-05-16T13:49:09.960170'),
('BP3', 43.27118682861328, -2.9388747215270996, 1, 94, 25.4, 48, 1015, 74, 1876, 'Deusto', '2025-05-16T13:49:11.143917'),
('BP3', 43.27120590209961, -2.9388816356658936, 1, 94, 25.4, 48, 1015, 70, 1899, 'Deusto', '2025-05-16T13:49:12.306988'),
('BP3', 43.27122116088867, -2.938886880874634, 1, 94, 25.3, 48, 1015, 71, 1885, 'Deusto', '2025-05-16T13:49:13.521116'),
('BP3', 43.271240234375, -2.9388906955718994, 1, 94, 25.3, 48, 1015, 74, 1879, 'Deusto', '2025-05-16T13:49:14.643000'),
('BP3', 43.271270751953125, -2.938896417617798, 1, 94, 25.3, 48, 1015, 71, 1902, 'Deusto', '2025-05-16T13:49:15.827623'),
('BP3', 43.27128601074219, -2.9388983249664307, 1, 94, 25.3, 48, 1015, 72, 1892, 'Deusto', '2025-05-16T13:49:16.998467'),
('BP3', 43.271297454833984, -2.938899278640747, 1, 94, 25.3, 48, 1015, 72, 1880, 'Deusto', '2025-05-16T13:49:18.182685'),
('BP3', 43.27130889892578, -2.938899517059326, 1, 94, 25.3, 48, 1015, 73, 1900, 'Deusto', '2025-05-16T13:49:19.348346'),
('BP3', 43.271324157714844, -2.9388985633850098, 1, 94, 25.3, 48, 1015, 73, 1861, 'Deusto', '2025-05-16T13:49:20.645063'),
('BP3', 43.271339416503906, -2.938901901245117, 1, 94, 25.3, 48, 1015, 74, 1766, 'Deusto', '2025-05-16T13:49:21.845585'),
('BP3', 43.2713508605957, -2.938900947570801, 1, 94, 25.3, 48, 1015, 74, 1796, 'Deusto', '2025-05-16T13:49:22.978927'),
('BP3', 43.271358489990234, -2.938899040222168, 1, 94, 25.3, 48, 1015, 75, 1841, 'Deusto', '2025-05-16T13:49:24.142770'),
('BP3', 43.27136993408203, -2.938896417617798, 1, 94, 25.3, 48, 1015, 77, 1845, 'Deusto', '2025-05-16T13:49:25.404710'),
('BP3', 43.27137756347656, -2.9388937950134277, 1, 94, 25.3, 48, 1015, 75, 1841, 'Deusto', '2025-05-16T13:49:26.576202'),
('BP3', 43.271385192871094, -2.9388949871063232, 1, 94, 25.3, 48, 1015, 75, 1846, 'Deusto', '2025-05-16T13:49:27.948994'),
('BP3', 43.271392822265625, -2.938892364501953, 1, 94, 25.3, 48, 1015, 75, 1870, 'Deusto', '2025-05-16T13:49:29.089123'),
('BP3', 43.27139663696289, -2.938889980316162, 1, 94, 25.3, 48, 1015, 73, 1819, 'Deusto', '2025-05-16T13:49:30.248139'),
('BP3', 43.271400451660156, -2.938886880874634, 1, 94, 25.3, 48, 1015, 77, 125, 'Deusto', '2025-05-16T13:49:31.424508'),
('BP3', 43.27140808105469, -2.9388842582702637, 1, 94, 25.2, 48, 1015, 75, 5, 'Deusto', '2025-05-16T13:49:32.575515'),
('BP3', 43.27140808105469, -2.9388880729675293, 1, 94, 25.2, 48, 1015, 75, 8, 'Deusto', '2025-05-16T13:49:33.717694'),
('BP3', 43.27140808105469, -2.9388861656188965, 1, 94, 25.2, 48, 1015, 76, 8, 'Deusto', '2025-05-16T13:49:34.889396'),
('BP3', 43.27141189575195, -2.9388840198516846, 1, 94, 25.2, 49, 1015, 75, 5, 'Deusto', '2025-05-16T13:49:36.045329'),
('BP3', 43.27141571044922, -2.9388821125030518, 1, 94, 25.2, 49, 1015, 74, 5, 'Deusto', '2025-05-16T13:49:37.167702'),
('BP3', 43.27141571044922, -2.938880205154419, 1, 94, 25.2, 49, 1015, 76, 7, 'Deusto', '2025-05-16T13:49:38.338978'),
('BP3', 43.271419525146484, -2.938877820968628, 1, 94, 25.2, 49, 1015, 75, 625, 'Deusto', '2025-05-16T13:49:39.551775'),
('BP3', 43.27141571044922, -2.9388835430145264, 1, 94, 25.2, 49, 1015, 75, 598, 'Deusto', '2025-05-16T13:49:40.705169'),
('BP3', 43.27141571044922, -2.9388821125030518, 1, 94, 25.2, 49, 1015, 79, 646, 'Deusto', '2025-05-16T13:49:41.874117'),
('BP3', 43.27141571044922, -2.9388797283172607, 1, 94, 25.2, 49, 1015, 78, 705, 'Deusto', '2025-05-16T13:49:43.129635'),
('BP3', 43.271419525146484, -2.938878059387207, 1, 94, 25.2, 49, 1015, 79, 771, 'Deusto', '2025-05-16T13:49:44.383086'),
('BP3', 43.271419525146484, -2.9388768672943115, 1, 94, 25.2, 49, 1015, 77, 1426, 'Deusto', '2025-05-16T13:49:45.549064'),
('BP3', 43.27141189575195, -2.93888258934021, 1, 94, 25.2, 49, 1015, 77, 1869, 'Deusto', '2025-05-16T13:49:46.708862'),
('BP3', 43.27141189575195, -2.9388790130615234, 2, 94, 25.2, 49, 1015, 75, 1578, 'Deusto', '2025-05-16T13:49:47.896143'),
('BP3', 43.27141571044922, -2.938875913619995, 2, 94, 25.2, 49, 1015, 74, 2514, 'Deusto', '2025-05-16T13:49:49.215334'),
('BP3', 43.27141571044922, -2.9388742446899414, 1, 94, 25.3, 49, 1015, 75, 1786, 'Deusto', '2025-05-16T13:49:50.380540'),
('BP3', 43.27141571044922, -2.9388716220855713, 2, 94, 25.3, 49, 1015, 74, 2677, 'Deusto', '2025-05-16T13:49:51.576102'),
('BP3', 43.27141189575195, -2.9388856887817383, 1, 94, 25.3, 49, 1016, 73, 1435, 'Deusto', '2025-05-16T13:49:52.718775'),
('BP3', 43.27140808105469, -2.9388909339904785, 1, 94, 25.4, 49, 1016, 77, 1640, 'Deusto', '2025-05-16T13:49:53.939634'),
('BP3', 43.27140426635742, -2.938892126083374, 2, 94, 25.4, 49, 1016, 77, 4429, 'Deusto', '2025-05-16T13:49:55.121841'),
('BP3', 43.271392822265625, -2.938892126083374, 1, 94, 25.4, 49, 1016, 82, 4570, 'Deusto', '2025-05-16T13:49:56.288222'),
('BP3', 43.27138137817383, -2.9388909339904785, 3, 94, 25.4, 49, 1015, 78, 5701, 'Deusto', '2025-05-16T13:49:57.431056'),
('BP3', 43.2713737487793, -2.938884973526001, 2, 94, 25.3, 49, 1015, 76, 2731, 'Deusto', '2025-05-16T13:49:58.599122'),
('BP3', 43.2713623046875, -2.9388928413391113, 1, 94, 25.2, 49, 1015, 76, 3335, 'Deusto', '2025-05-16T13:49:59.774871'),
('BP3', 43.27135467529297, -2.9388935565948486, 1, 94, 25.2, 49, 1015, 79, 4593, 'Deusto', '2025-05-16T13:50:00.904035'),
('BP3', 43.2713508605957, -2.938894510269165, 1, 94, 25.2, 49, 1015, 76, 4827, 'Deusto', '2025-05-16T13:50:02.056173'),
('BP3', 43.27134704589844, -2.9388983249664307, 2, 94, 25.2, 49, 1015, 77, 6263, 'Deusto', '2025-05-16T13:50:03.208690'),
('BP3', 43.271339416503906, -2.938903570175171, 2, 94, 25.2, 49, 1015, 77, 2483, 'Deusto', '2025-05-16T13:50:04.533909'),
('BP3', 43.27133560180664, -2.9389162063598633, 3, 94, 25.2, 49, 1015, 77, 1573, 'Deusto', '2025-05-16T13:50:05.707542'),
('BP3', 43.271331787109375, -2.938920259475708, 1, 94, 25.2, 49, 1015, 77, 2130, 'Deusto', '2025-05-16T13:50:06.832850'),
('BP3', 43.271331787109375, -2.938922643661499, 1, 94, 25.2, 49, 1015, 74, 2359, 'Deusto', '2025-05-16T13:50:08.010072'),
('BP3', 43.271331787109375, -2.9389231204986572, 1, 94, 25.2, 50, 1015, 72, 2294, 'Deusto', '2025-05-16T13:50:09.175502'),
('BP3', 43.27132797241211, -2.938922882080078, 4, 94, 25.2, 50, 1015, 74, 2512, 'Deusto', '2025-05-16T13:50:10.351213'),
('BP3', 43.271331787109375, -2.9389219284057617, 1, 94, 25.2, 50, 1015, 72, 2595, 'Deusto', '2025-05-16T13:50:11.492371'),
('BP3', 43.271331787109375, -2.938920021057129, 1, 94, 25.2, 50, 1015, 73, 2577, 'Deusto', '2025-05-16T13:50:12.648486'),
('BP3', 43.27133560180664, -2.9389216899871826, 1, 94, 25.2, 50, 1015, 76, 2520, 'Deusto', '2025-05-16T13:50:13.836515'),
('BP3', 43.27133560180664, -2.9389185905456543, 1, 94, 25.2, 50, 1015, 73, 2477, 'Deusto', '2025-05-16T13:50:15.034520'),
('BP3', 43.27199172973633, -2.93925142288208, 2, 94, 25.3, 50, 1015, 85, 3520, 'Deusto', '2025-05-16T13:52:02.025677'),
('BP3', 43.27204132080078, -2.939324378967285, 3, 94, 25.3, 50, 1015, 87, 3348, 'Deusto', '2025-05-16T13:52:03.302296'),
('BP3', 43.27207946777344, -2.9393818378448486, 1, 94, 25.3, 50, 1015, 67, 3742, 'Deusto', '2025-05-16T13:52:04.562495'),
('BP3', 43.2721061706543, -2.939418077468872, 1, 94, 25.3, 50, 1015, 58, 2182, 'Deusto', '2025-05-16T13:52:05.753387'),
('BP3', 43.27212142944336, -2.9394350051879883, 2, 94, 25.3, 50, 1015, 58, 796, 'Deusto', '2025-05-16T13:52:06.961076'),
('BP3', 43.27212142944336, -2.9394538402557373, 2, 94, 25.3, 50, 1015, 52, 460, 'Deusto', '2025-05-16T13:52:08.135231'),
('BP3', 43.27211380004883, -2.939481258392334, 3, 94, 25.3, 50, 1015, 78, 734, 'Deusto', '2025-05-16T13:52:09.371479'),
('BP3', 43.2720947265625, -2.9394969940185547, 2, 94, 25.3, 50, 1015, 93, 676, 'Deusto', '2025-05-16T13:52:10.526321'),
('BP3', 43.27207565307617, -2.939500331878662, 3, 94, 25.3, 50, 1015, 97, 437, 'Deusto', '2025-05-16T13:52:11.724310'),
('BP3', 43.272010803222656, -2.9394590854644775, 3, 94, 25.3, 50, 1015, 103, 290, 'Deusto', '2025-05-16T13:52:12.940376'),
('BP3', 43.271976470947266, -2.939431667327881, 3, 94, 25.2, 50, 1015, 104, 146, 'Deusto', '2025-05-16T13:52:14.183692'),
('BP3', 43.27192306518555, -2.939378023147583, 3, 94, 25.2, 50, 1015, 106, 243, 'Deusto', '2025-05-16T13:52:15.440062'),
('BP3', 43.27186584472656, -2.9393248558044434, 2, 94, 25.2, 50, 1015, 93, 394, 'Deusto', '2025-05-16T13:52:16.619440'),
('BP3', 43.27177429199219, -2.9392342567443848, 3, 94, 25.2, 50, 1015, 78, 175, 'Deusto', '2025-05-16T13:52:17.795976'),
('BP3', 43.2717170715332, -2.939178705215454, 2, 94, 25.2, 50, 1015, 101, 231, 'Deusto', '2025-05-16T13:52:18.997133'),
('BP3', 43.27165603637695, -2.9391238689422607, 4, 95, 25.1, 50, 1015, 105, 284, 'Deusto', '2025-05-16T13:52:20.189081'),
('BP3', 43.2715950012207, -2.9390549659729004, 4, 95, 25.1, 50, 1015, 100, 2, 'Deusto', '2025-05-16T13:52:21.499883'),
('BP3', 43.27154541015625, -2.938976764678955, 3, 95, 25.1, 50, 1015, 88, 19, 'Deusto', '2025-05-16T13:52:22.688582'),
('BP3', 43.27147674560547, -2.9388504028320312, 3, 95, 25.1, 50, 1015, 80, 3, 'Deusto', '2025-05-16T13:52:23.842605'),
('BP3', 43.271427154541016, -2.938786268234253, 3, 95, 25.1, 50, 1015, 88, 59, 'Deusto', '2025-05-16T13:52:25.012534'),
('BP3', 43.27137756347656, -2.938734531402588, 2, 95, 25.1, 50, 1015, 80, 9, 'Deusto', '2025-05-16T13:52:26.201006'),
('BP3', 43.271324157714844, -2.938680648803711, 3, 95, 25.1, 50, 1015, 67, 5, 'Deusto', '2025-05-16T13:52:27.441188'),
('BP3', 43.271278381347656, -2.9386391639709473, 3, 95, 25.1, 49, 1015, 66, 11, 'Deusto', '2025-05-16T13:52:28.604848'),
('BP3', 43.271236419677734, -2.9386231899261475, 4, 95, 25.1, 49, 1016, 95, 14, 'Deusto', '2025-05-16T13:52:29.799522'),
('BP3', 43.271202087402344, -2.9386043548583984, 2, 94, 25.2, 49, 1016, 53, 1, 'Deusto', '2025-05-16T13:52:30.999669'),
('BP3', 43.271175384521484, -2.9385933876037598, 2, 94, 25.2, 49, 1016, 62, 0, 'Deusto', '2025-05-16T13:52:32.192578'),
('BP3', 43.27115249633789, -2.9385905265808105, 2, 94, 25.2, 49, 1016, 80, 0, 'Deusto', '2025-05-16T13:52:33.424646'),
('BP3', 43.27113342285156, -2.938596248626709, 3, 94, 25.2, 49, 1016, 75, 0, 'Deusto', '2025-05-16T13:52:34.584509'),
('BP3', 43.27115249633789, -2.9386425018310547, 1, 94, 25.2, 49, 1016, 72, 2, 'Deusto', '2025-05-16T13:52:35.787579'),
('BP3', 43.27115249633789, -2.9386532306671143, 1, 94, 25.2, 49, 1016, 56, 1, 'Deusto', '2025-05-16T13:52:36.984970'),
('BP3', 43.27116012573242, -2.938664436340332, 1, 95, 25.1, 49, 1015, 55, 1, 'Deusto', '2025-05-16T13:52:38.137018'),
('BP3', 43.27117156982422, -2.9386770725250244, 1, 95, 25.1, 49, 1015, 49, 0, 'Deusto', '2025-05-16T13:52:39.341011'),
('BP3', 43.271183013916016, -2.9386892318725586, 1, 95, 25.1, 49, 1015, 60, 2, 'Deusto', '2025-05-16T13:52:40.511805'),
('BP3', 43.27119827270508, -2.9387004375457764, 1, 95, 25.1, 49, 1015, 56, 0, 'Deusto', '2025-05-16T13:52:41.705035'),
('BP3', 43.271217346191406, -2.938720226287842, 1, 95, 25.1, 49, 1015, 61, 4, 'Deusto', '2025-05-16T13:52:42.909190'),
('BP3', 43.27124786376953, -2.938748598098755, 1, 95, 25.1, 49, 1015, 58, 8, 'Deusto', '2025-05-16T13:52:44.107363'),
('BP3', 43.271270751953125, -2.9387755393981934, 1, 95, 25, 49, 1015, 55, 8, 'Deusto', '2025-05-16T13:52:45.341132'),
('BP3', 43.27130126953125, -2.938812017440796, 1, 95, 25, 49, 1015, 46, 10, 'Deusto', '2025-05-16T13:52:46.496231'),
('BP3', 43.27132797241211, -2.9388508796691895, 1, 95, 25, 49, 1015, 53, 11, 'Deusto', '2025-05-16T13:52:47.690500'),
('BP3', 43.2713623046875, -2.938899278640747, 1, 95, 25, 49, 1015, 55, 10, 'Deusto', '2025-05-16T13:52:48.856260'),
('BP3', 43.27138137817383, -2.938922166824341, 1, 95, 25, 49, 1015, 53, 1, 'Deusto', '2025-05-16T13:52:50.018247'),
('BP3', 43.271400451660156, -2.938941478729248, 1, 95, 25, 49, 1015, 49, 0, 'Deusto', '2025-05-16T13:52:51.240633'),
('BP3', 43.27141571044922, -2.938955068588257, 1, 95, 25, 49, 1015, 53, 0, 'Deusto', '2025-05-16T13:52:52.389117'),
('BP3', 43.271427154541016, -2.938965320587158, 1, 95, 25, 49, 1015, 56, 0, 'Deusto', '2025-05-16T13:52:53.594539'),
('BP3', 43.27143859863281, -2.938972234725952, 1, 95, 25, 49, 1015, 58, 4, 'Deusto', '2025-05-16T13:52:54.779536'),
('BP3', 43.27143859863281, -2.9389712810516357, 1, 95, 25, 49, 1015, 50, 1, 'Deusto', '2025-05-16T13:52:55.947116'),
('BP3', 43.271446228027344, -2.938974142074585, 1, 95, 25, 49, 1015, 42, 0, 'Deusto', '2025-05-16T13:52:57.185311'),
('BP3', 43.27145004272461, -2.9389750957489014, 1, 95, 25, 49, 1015, 50, 0, 'Deusto', '2025-05-16T13:52:58.337018'),
('BP3', 43.27145767211914, -2.9389748573303223, 1, 95, 25, 49, 1015, 57, 0, 'Deusto', '2025-05-16T13:52:59.502298'),
('BP3', 43.271461486816406, -2.9389736652374268, 1, 95, 25, 49, 1015, 58, 0, 'Deusto', '2025-05-16T13:53:00.656655'),
('BP3', 43.271453857421875, -2.938967704772949, 1, 95, 25, 49, 1015, 53, 0, 'Deusto', '2025-05-16T13:53:01.822482'),
('BP3', 43.27145767211914, -2.938965320587158, 1, 95, 25, 49, 1015, 61, 2, 'Deusto', '2025-05-16T13:53:03.018863'),
('BP3', 43.271461486816406, -2.938962936401367, 1, 95, 25, 49, 1015, 52, 0, 'Deusto', '2025-05-16T13:53:04.179361'),
('BP3', 43.271461486816406, -2.938959836959839, 1, 95, 25, 49, 1015, 57, 0, 'Deusto', '2025-05-16T13:53:05.338762'),
('BP3', 43.27146530151367, -2.9389564990997314, 1, 95, 25, 49, 1015, 49, 2, 'Deusto', '2025-05-16T13:53:06.510440'),
('BP3', 43.27146530151367, -2.938953161239624, 1, 95, 25, 49, 1015, 52, 1, 'Deusto', '2025-05-16T13:53:07.701703'),
('BP3', 43.271461486816406, -2.938948392868042, 1, 95, 25, 49, 1015, 50, 2, 'Deusto', '2025-05-16T13:53:08.900412'),
('BP3', 43.271461486816406, -2.9389448165893555, 1, 95, 25, 49, 1015, 51, 1, 'Deusto', '2025-05-16T13:53:10.063673'),
('BP3', 43.271461486816406, -2.93894100189209, 1, 95, 25, 49, 1015, 60, 0, 'Deusto', '2025-05-16T13:53:11.264091'),
('BP3', 43.27146530151367, -2.938937187194824, 1, 95, 25, 49, 1015, 50, 1, 'Deusto', '2025-05-16T13:53:12.423078'),
('BP3', 43.27146530151367, -2.9389331340789795, 1, 95, 25, 49, 1015, 48, 1, 'Deusto', '2025-05-16T13:53:13.621522'),
('BP3', 43.27145767211914, -2.9389309883117676, 1, 95, 25, 49, 1015, 53, 1, 'Deusto', '2025-05-16T13:53:14.822340'),
('BP3', 43.271461486816406, -2.9389264583587646, 1, 95, 25, 49, 1015, 50, 14, 'Deusto', '2025-05-16T13:53:16.022078'),
('BP3', 43.271461486816406, -2.9389216899871826, 1, 95, 25, 49, 1015, 57, 2, 'Deusto', '2025-05-16T13:53:17.226854'),
('BP3', 43.271461486816406, -2.9389188289642334, 2, 95, 25, 49, 1015, 64, 0, 'Deusto', '2025-05-16T13:53:18.378358'),
('BP3', 43.271461486816406, -2.9389145374298096, 1, 95, 25.1, 49, 1015, 52, 0, 'Deusto', '2025-05-16T13:53:19.580399'),
('BP3', 43.27145767211914, -2.938910722732544, 1, 95, 25.1, 49, 1015, 54, 0, 'Deusto', '2025-05-16T13:53:20.778486'),
('BP3', 43.27145004272461, -2.938910484313965, 2, 95, 25.1, 49, 1015, 63, 1, 'Deusto', '2025-05-16T13:53:21.936411'),
('BP3', 43.27145004272461, -2.9389069080352783, 2, 95, 25.1, 49, 1015, 59, 0, 'Deusto', '2025-05-16T13:53:23.137383'),
('BP3', 43.271446228027344, -2.938903331756592, 2, 95, 25.1, 49, 1016, 59, 1, 'Deusto', '2025-05-16T13:53:24.294640'),
('BP3', 43.271446228027344, -2.938901901245117, 1, 95, 25.1, 49, 1016, 60, 10, 'Deusto', '2025-05-16T13:53:25.461639'),
('BP3', 43.271446228027344, -2.938897132873535, 2, 95, 25.1, 49, 1016, 46, 79, 'Deusto', '2025-05-16T13:53:26.774984'),
('BP3', 43.27143096923828, -2.9388973712921143, 3, 94, 25.2, 50, 1016, 66, 95, 'Deusto', '2025-05-16T13:53:27.945096'),
('BP3', 43.27142333984375, -2.9388887882232666, 2, 94, 25.2, 50, 1016, 59, 1, 'Deusto', '2025-05-16T13:53:29.140971'),
('BP3', 43.27141189575195, -2.9388833045959473, 2, 94, 25.2, 50, 1016, 55, 0, 'Deusto', '2025-05-16T13:53:30.339755'),
('BP3', 43.271400451660156, -2.9388794898986816, 1, 94, 25.2, 50, 1016, 57, 0, 'Deusto', '2025-05-16T13:53:31.570192'),
('BP3', 43.27138900756836, -2.9388785362243652, 2, 94, 25.2, 50, 1016, 59, 2, 'Deusto', '2025-05-16T13:53:32.795235'),
('BP3', 43.271366119384766, -2.9388647079467773, 2, 94, 25.3, 50, 1016, 63, 1, 'Deusto', '2025-05-16T13:53:33.978156'),
('BP3', 43.27135467529297, -2.938847303390503, 2, 94, 25.3, 50, 1016, 46, 0, 'Deusto', '2025-05-16T13:53:35.213720'),
('BP3', 43.27134704589844, -2.9388298988342285, 1, 94, 25.3, 49, 1015, 62, 0, 'Deusto', '2025-05-16T13:53:36.373735'),
('BP3', 43.27134323120117, -2.9388139247894287, 2, 94, 25.3, 50, 1016, 65, 0, 'Deusto', '2025-05-16T13:53:37.541703'),
('BP3', 43.27134323120117, -2.9387991428375244, 4, 94, 25.3, 50, 1016, 77, 0, 'Deusto', '2025-05-16T13:53:38.791519'),
('BP3', 43.27134704589844, -2.9387993812561035, 2, 94, 25.3, 50, 1016, 60, 1, 'Deusto', '2025-05-16T13:53:39.989787'),
('BP3', 43.27134704589844, -2.9387993812561035, 2, 94, 25.3, 50, 1016, 54, 1, 'Deusto', '2025-05-16T13:53:41.211903'),
('BP3', 43.27134323120117, -2.9388012886047363, 2, 94, 25.3, 50, 1016, 55, 3, 'Deusto', '2025-05-16T13:53:42.336491'),
('BP3', 43.27132797241211, -2.938798427581787, 3, 94, 25.3, 50, 1016, 52, 0, 'Deusto', '2025-05-16T13:53:43.571179'),
('BP3', 43.27131652832031, -2.9387989044189453, 1, 94, 25.3, 50, 1016, 67, 3, 'Deusto', '2025-05-16T13:53:44.809498'),
('BP3', 43.271305084228516, -2.938800096511841, 1, 94, 25.3, 49, 1016, 64, 1, 'Deusto', '2025-05-16T13:53:45.978968'),
('BP3', 43.27129364013672, -2.938793897628784, 2, 94, 25.3, 49, 1016, 65, 1, 'Deusto', '2025-05-16T13:53:47.166471'),
('BP3', 43.27129364013672, -2.938788652420044, 1, 94, 25.3, 49, 1016, 54, 1, 'Deusto', '2025-05-16T13:53:48.406022'),
('BP3', 43.27129364013672, -2.938783884048462, 2, 94, 25.3, 49, 1015, 56, 3, 'Deusto', '2025-05-16T13:53:49.595882'),
('BP3', 43.27130889892578, -2.93878173828125, 2, 94, 25.3, 49, 1016, 55, 1, 'Deusto', '2025-05-16T13:53:50.854153'),
('BP3', 43.27131271362305, -2.938775062561035, 2, 94, 25.4, 49, 1016, 64, 0, 'Deusto', '2025-05-16T13:53:52.093498'),
('BP3', 43.27131652832031, -2.938770294189453, 1, 94, 25.4, 49, 1016, 53, 0, 'Deusto', '2025-05-16T13:53:53.254951'),
('BP3', 43.27132034301758, -2.9387714862823486, 2, 94, 25.4, 49, 1016, 68, 0, 'Deusto', '2025-05-16T13:53:54.381935'),
('BP3', 43.27131652832031, -2.9387705326080322, 2, 94, 25.4, 49, 1016, 79, 0, 'Deusto', '2025-05-16T13:53:55.535426'),
('BP3', 43.27130889892578, -2.9387707710266113, 1, 94, 25.4, 49, 1016, 58, 1, 'Deusto', '2025-05-16T13:53:56.736091'),
('BP3', 43.27129364013672, -2.938782215118408, 1, 94, 25.4, 49, 1016, 55, 0, 'Deusto', '2025-05-16T13:53:57.931984'),
('BP3', 43.27127456665039, -2.9387855529785156, 1, 94, 25.4, 49, 1016, 77, 0, 'Deusto', '2025-05-16T13:53:59.086632'),
('BP3', 43.27125549316406, -2.9387924671173096, 2, 94, 25.4, 49, 1016, 54, 1, 'Deusto', '2025-05-16T13:54:00.268368'),
('BP3', 43.27123260498047, -2.938800573348999, 2, 94, 25.4, 49, 1016, 53, 2, 'Deusto', '2025-05-16T13:54:01.462804'),
('BP3', 43.271202087402344, -2.9388091564178467, 1, 94, 25.4, 49, 1016, 55, 0, 'Deusto', '2025-05-16T13:54:02.694107'),
('BP3', 43.27117156982422, -2.9388248920440674, 2, 94, 25.4, 49, 1016, 62, 1, 'Deusto', '2025-05-16T13:54:03.882921'),
('BP3', 43.27114486694336, -2.9388253688812256, 2, 94, 25.4, 49, 1016, 55, 1, 'Deusto', '2025-05-16T13:54:05.063629'),
('BP3', 43.271121978759766, -2.9388234615325928, 2, 94, 25.4, 49, 1016, 82, 0, 'Deusto', '2025-05-16T13:54:06.273270'),
('BP3', 43.27110290527344, -2.938814878463745, 3, 94, 25.4, 49, 1016, 69, 0, 'Deusto', '2025-05-16T13:54:07.455462'),
('BP3', 43.271095275878906, -2.938796043395996, 2, 94, 25.4, 49, 1016, 78, 0, 'Deusto', '2025-05-16T13:54:08.659246'),
('BP3', 43.27111053466797, -2.9387669563293457, 3, 94, 25.3, 50, 1016, 76, 3, 'Deusto', '2025-05-16T13:54:09.817737'),
('BP3', 43.2711181640625, -2.9387588500976562, 2, 94, 25.4, 50, 1015, 58, 4, 'Deusto', '2025-05-16T13:54:11.030804'),
('BP3', 43.2711296081543, -2.938749074935913, 2, 94, 25.4, 50, 1015, 58, 4, 'Deusto', '2025-05-16T13:54:12.221860'),
('BP3', 43.271148681640625, -2.9387407302856445, 2, 94, 25.4, 50, 1015, 65, 4, 'Deusto', '2025-05-16T13:54:13.386322'),
('BP3', 43.271175384521484, -2.938735246658325, 3, 94, 25.4, 50, 1015, 73, 2, 'Deusto', '2025-05-16T13:54:14.580419'),
('BP3', 43.271202087402344, -2.938732385635376, 3, 94, 25.4, 50, 1015, 65, 2, 'Deusto', '2025-05-16T13:54:15.794240'),
('BP3', 43.27126693725586, -2.9387331008911133, 3, 94, 25.4, 50, 1015, 55, 3, 'Deusto', '2025-05-16T13:54:16.984127'),
('BP3', 43.27130126953125, -2.9387388229370117, 3, 94, 25.4, 50, 1015, 61, 1, 'Deusto', '2025-05-16T13:54:18.140777'),
('BP3', 43.271339416503906, -2.9387474060058594, 3, 94, 25.4, 50, 1015, 56, 0, 'Deusto', '2025-05-16T13:54:19.300097'),
('BP3', 43.27137756347656, -2.9387543201446533, 2, 94, 25.4, 50, 1015, 60, 0, 'Deusto', '2025-05-16T13:54:20.506850'),
('BP3', 43.271419525146484, -2.9387624263763428, 4, 94, 25.4, 50, 1015, 79, 0, 'Deusto', '2025-05-16T13:54:21.721382'),
('BP3', 43.271484375, -2.938784599304199, 1, 94, 25.4, 50, 1015, 56, 2, 'Deusto', '2025-05-16T13:54:22.900122'),
('BP3', 43.27152633666992, -2.9388020038604736, 1, 94, 25.4, 50, 1015, 57, 0, 'Deusto', '2025-05-16T13:54:24.057049'),
('BP3', 43.271568298339844, -2.938821792602539, 2, 94, 25.4, 50, 1015, 55, 0, 'Deusto', '2025-05-16T13:54:25.219465'),
('BP3', 43.2716178894043, -2.9388437271118164, 3, 94, 25.4, 50, 1015, 65, 1, 'Deusto', '2025-05-16T13:54:26.550473'),
('BP3', 43.271663665771484, -2.9388675689697266, 2, 94, 25.4, 50, 1015, 60, 4, 'Deusto', '2025-05-16T13:54:27.771261'),
('BP3', 43.271724700927734, -2.938908338546753, 4, 94, 25.4, 50, 1015, 87, 0, 'Deusto', '2025-05-16T13:54:28.948500'),
('BP3', 43.271766662597656, -2.938939094543457, 2, 94, 25.4, 50, 1015, 82, 2, 'Deusto', '2025-05-16T13:54:30.136839'),
('BP3', 43.27180862426758, -2.9389760494232178, 3, 94, 25.3, 50, 1015, 87, 1, 'Deusto', '2025-05-16T13:54:31.315152'),
('BP3', 43.2718505859375, -2.9390313625335693, 2, 94, 25.3, 50, 1015, 96, 4, 'Deusto', '2025-05-16T13:54:32.577640'),
('BP3', 43.27191162109375, -2.939131259918213, 3, 94, 25.3, 50, 1015, 96, 3, 'Deusto', '2025-05-16T13:54:33.882531'),
('BP3', 43.27195358276367, -2.9391956329345703, 2, 94, 25.3, 50, 1015, 87, 4, 'Deusto', '2025-05-16T13:54:35.147296'),
('BP3', 43.271995544433594, -2.939262628555298, 2, 94, 25.3, 50, 1015, 91, 4, 'Deusto', '2025-05-16T13:54:36.336423'),
('BP3', 43.272037506103516, -2.9393293857574463, 2, 94, 25.3, 50, 1015, 79, 3, 'Deusto', '2025-05-16T13:54:37.540285'),
('BP3', 43.27207565307617, -2.939399480819702, 2, 94, 25.3, 50, 1015, 78, 0, 'Deusto', '2025-05-16T13:54:38.721755'),
('BP3', 43.272117614746094, -2.939497709274292, 3, 94, 25.3, 50, 1015, 71, 0, 'Deusto', '2025-05-16T13:54:39.895083'),
('BP3', 43.272151947021484, -2.9395627975463867, 2, 94, 25.3, 50, 1015, 63, 0, 'Deusto', '2025-05-16T13:54:41.088007'),
('BP3', 43.272178649902344, -2.9396231174468994, 2, 94, 25.3, 50, 1015, 73, 0, 'Deusto', '2025-05-16T13:54:42.268521'),
('BP3', 43.272212982177734, -2.93967866897583, 2, 94, 25.3, 50, 1015, 52, 1, 'Deusto', '2025-05-16T13:54:43.594821'),
('BP3', 43.27223587036133, -2.9397246837615967, 2, 94, 25.4, 50, 1015, 49, 0, 'Deusto', '2025-05-16T13:54:44.791626'),
('BP3', 43.27225875854492, -2.9397714138031006, 2, 94, 25.3, 50, 1015, 55, 1, 'Deusto', '2025-05-16T13:54:46.014519'),
('BP3', 43.27228546142578, -2.9398117065429688, 2, 94, 25.3, 50, 1015, 64, 3, 'Deusto', '2025-05-16T13:54:47.246892'),
('BP3', 43.27230453491211, -2.9398398399353027, 3, 94, 25.3, 50, 1015, 77, 1, 'Deusto', '2025-05-16T13:54:48.453449'),
('BP3', 43.272315979003906, -2.93985652923584, 2, 94, 25.3, 50, 1015, 99, 0, 'Deusto', '2025-05-16T13:54:49.745204'),
('BP3', 43.27229309082031, -2.9398202896118164, 3, 94, 25.3, 50, 1015, 100, 0, 'Deusto', '2025-05-16T13:54:50.909652'),
('BP3', 43.27228546142578, -2.9397976398468018, 2, 94, 25.3, 50, 1015, 103, 0, 'Deusto', '2025-05-16T13:54:52.056459'),
('BP3', 43.27227020263672, -2.9397668838500977, 4, 94, 25.3, 50, 1015, 106, 0, 'Deusto', '2025-05-16T13:54:53.214262'),
('BP3', 43.272247314453125, -2.9397177696228027, 4, 94, 25.3, 49, 1015, 106, 0, 'Deusto', '2025-05-16T13:54:54.419985'),
('BP3', 43.272216796875, -2.9396495819091797, 3, 94, 25.2, 49, 1015, 106, 0, 'Deusto', '2025-05-16T13:54:55.687421'),
('BP3', 43.27214050292969, -2.939499616622925, 2, 94, 25.2, 50, 1015, 106, 0, 'Deusto', '2025-05-16T13:54:56.886467'),
('BP3', 43.272098541259766, -2.939422130584717, 3, 95, 25.1, 50, 1015, 103, 1, 'Deusto', '2025-05-16T13:54:58.063899'),
('BP3', 43.27205276489258, -2.9393439292907715, 2, 94, 25.2, 50, 1015, 81, 1, 'Deusto', '2025-05-16T13:54:59.240020'),
('BP3', 43.27199935913086, -2.9392683506011963, 2, 95, 25.1, 50, 1015, 75, 0, 'Deusto', '2025-05-16T13:55:00.402392'),
('BP3', 43.27193832397461, -2.939188003540039, 2, 95, 25.1, 50, 1015, 78, 1, 'Deusto', '2025-05-16T13:55:01.634206'),
('BP3', 43.271881103515625, -2.9391121864318848, 4, 95, 25.1, 50, 1015, 92, 0, 'Deusto', '2025-05-16T13:55:02.801211'),
('BP3', 43.27177810668945, -2.938997983932495, 3, 95, 25.1, 50, 1015, 71, 0, 'Deusto', '2025-05-16T13:55:03.944824'),
('BP3', 43.27170944213867, -2.9389069080352783, 3, 95, 25.1, 50, 1015, 72, 5, 'Deusto', '2025-05-16T13:55:05.101762'),
('BP3', 43.271644592285156, -2.938823699951172, 2, 95, 25.1, 50, 1015, 96, 0, 'Deusto', '2025-05-16T13:55:06.229189'),
('BP3', 43.27157211303711, -2.9387552738189697, 2, 95, 25.1, 50, 1015, 77, 1, 'Deusto', '2025-05-16T13:55:07.447622'),
('BP3', 43.27150344848633, -2.9386916160583496, 2, 95, 25.1, 50, 1015, 82, 0, 'Deusto', '2025-05-16T13:55:08.594308'),
('BP3', 43.27143096923828, -2.9386372566223145, 3, 95, 25.1, 50, 1016, 72, 0, 'Deusto', '2025-05-16T13:55:09.739872'),
('BP3', 43.27134323120117, -2.938598155975342, 2, 95, 25.1, 50, 1016, 82, 0, 'Deusto', '2025-05-16T13:55:10.900541'),
('BP3', 43.27128219604492, -2.9385621547698975, 3, 95, 25.1, 50, 1016, 82, 0, 'Deusto', '2025-05-16T13:55:12.083336'),
('BP3', 43.27122116088867, -2.9385428428649902, 2, 95, 25.1, 50, 1016, 85, 1, 'Deusto', '2025-05-16T13:55:13.317055'),
('BP3', 43.271175384521484, -2.938541889190674, 4, 95, 25.1, 50, 1016, 88, 0, 'Deusto', '2025-05-16T13:55:14.462592'),
('BP3', 43.2711296081543, -2.9385390281677246, 2, 95, 25.1, 50, 1016, 72, 0, 'Deusto', '2025-05-16T13:55:15.688611'),
('BP3', 43.271121978759766, -2.9385781288146973, 2, 95, 25.1, 50, 1016, 71, 1, 'Deusto', '2025-05-16T13:55:16.827429'),
('BP3', 43.27110290527344, -2.9385833740234375, 2, 95, 25.1, 50, 1016, 75, 0, 'Deusto', '2025-05-16T13:55:18.000485'),
('BP3', 43.27109146118164, -2.938591241836548, 1, 95, 25.1, 50, 1016, 73, 0, 'Deusto', '2025-05-16T13:55:19.201438'),
('BP3', 43.271087646484375, -2.9386043548583984, 2, 95, 25.1, 50, 1016, 59, 1, 'Deusto', '2025-05-16T13:55:20.384136'),
('BP3', 43.27109146118164, -2.938621997833252, 2, 95, 25.1, 49, 1016, 74, 2, 'Deusto', '2025-05-16T13:55:21.542542'),
('BP3', 43.27110290527344, -2.9386367797851562, 1, 95, 25, 49, 1016, 68, 1, 'Deusto', '2025-05-16T13:55:22.707198'),
('BP3', 43.27115249633789, -2.938683271408081, 1, 95, 25, 49, 1015, 59, 0, 'Deusto', '2025-05-16T13:55:23.920272'),
('BP3', 43.27117156982422, -2.9386954307556152, 1, 95, 25, 49, 1015, 65, 0, 'Deusto', '2025-05-16T13:55:25.123105'),
('BP3', 43.27119064331055, -2.9387075901031494, 1, 95, 24.9, 49, 1015, 69, 0, 'Deusto', '2025-05-16T13:55:26.300941'),
('BP3', 43.27121353149414, -2.938717842102051, 1, 95, 24.9, 49, 1015, 58, 0, 'Deusto', '2025-05-16T13:55:27.463197'),
('BP3', 43.27123260498047, -2.9387269020080566, 1, 95, 24.9, 49, 1015, 56, 1, 'Deusto', '2025-05-16T13:55:28.616154'),
('BP3', 43.27125549316406, -2.938732862472534, 2, 95, 24.9, 49, 1016, 64, 1, 'Deusto', '2025-05-16T13:55:29.793708'),
('BP3', 43.271297454833984, -2.9387547969818115, 1, 95, 24.9, 49, 1016, 57, 1, 'Deusto', '2025-05-16T13:55:31.056432'),
('BP3', 43.27131271362305, -2.938758611679077, 1, 95, 24.9, 49, 1015, 52, 0, 'Deusto', '2025-05-16T13:55:32.248716'),
('BP3', 43.271324157714844, -2.9387636184692383, 1, 95, 24.9, 49, 1016, 60, 1, 'Deusto', '2025-05-16T13:55:33.391825'),
('BP3', 43.271339416503906, -2.9387669563293457, 1, 95, 24.9, 49, 1016, 70, 11, 'Deusto', '2025-05-16T13:55:34.528698'),
('BP3', 43.27134704589844, -2.938769578933716, 1, 95, 24.9, 49, 1016, 60, 174, 'Deusto', '2025-05-16T13:55:35.674908'),
('BP3', 43.2713623046875, -2.938786745071411, 1, 95, 24.9, 49, 1016, 52, 189, 'Deusto', '2025-05-16T13:55:36.889105'),
('BP3', 43.27136993408203, -2.9387881755828857, 1, 95, 24.9, 49, 1016, 54, 195, 'Deusto', '2025-05-16T13:55:38.051712'),
('BP3', 43.2713737487793, -2.938788890838623, 1, 95, 24.9, 49, 1016, 60, 145, 'Deusto', '2025-05-16T13:55:39.238137'),
('BP3', 43.27137756347656, -2.9387896060943604, 1, 95, 24.9, 49, 1016, 62, 185, 'Deusto', '2025-05-16T13:55:40.417051'),
('BP3', 43.27137756347656, -2.9387905597686768, 1, 95, 24.9, 49, 1016, 57, 180, 'Deusto', '2025-05-16T13:55:41.595841'),
('BP3', 43.27138137817383, -2.938804864883423, 1, 95, 24.9, 49, 1016, 50, 176, 'Deusto', '2025-05-16T13:55:42.831087'),
('BP3', 43.27138137817383, -2.938805341720581, 1, 95, 24.9, 49, 1016, 58, 173, 'Deusto', '2025-05-16T13:55:43.994318'),
('BP3', 43.27138137817383, -2.938805341720581, 1, 95, 24.9, 49, 1016, 55, 111, 'Deusto', '2025-05-16T13:55:45.152111'),
('BP3', 43.27138137817383, -2.938805341720581, 1, 95, 24.9, 49, 1016, 67, 155, 'Deusto', '2025-05-16T13:55:46.289523'),
('BP3', 43.27138137817383, -2.938805103302002, 1, 95, 24.9, 49, 1016, 56, 117, 'Deusto', '2025-05-16T13:55:47.443911'),
('BP3', 43.27138137817383, -2.9388043880462646, 1, 95, 24.9, 50, 1016, 51, 96, 'Deusto', '2025-05-16T13:55:48.653294'),
('BP3', 43.27138137817383, -2.9388043880462646, 1, 95, 24.9, 50, 1016, 59, 41, 'Deusto', '2025-05-16T13:55:49.813150'),
('BP3', 43.27137756347656, -2.938817262649536, 1, 95, 24.9, 50, 1016, 47, 38, 'Deusto', '2025-05-16T13:55:50.950096'),
('BP3', 43.27137756347656, -2.938817262649536, 1, 95, 24.9, 50, 1016, 58, 63, 'Deusto', '2025-05-16T13:55:52.115891'),
('BP3', 43.27137756347656, -2.938817024230957, 1, 95, 24.9, 49, 1016, 51, 59, 'Deusto', '2025-05-16T13:55:53.270076'),
('BP3', 43.27137756347656, -2.9388163089752197, 1, 95, 24.9, 49, 1016, 55, 46, 'Deusto', '2025-05-16T13:55:54.475770'),
('BP3', 43.2713737487793, -2.9388160705566406, 1, 95, 24.9, 50, 1016, 54, 51, 'Deusto', '2025-05-16T13:55:55.631718'),
('BP3', 43.2713737487793, -2.938816547393799, 1, 95, 24.9, 50, 1016, 59, 58, 'Deusto', '2025-05-16T13:55:56.790254'),
('BP3', 43.2713737487793, -2.938828706741333, 1, 95, 24.9, 50, 1016, 56, 38, 'Deusto', '2025-05-16T13:55:57.943829'),
('BP3', 43.27136993408203, -2.938829183578491, 1, 95, 24.9, 50, 1016, 53, 38, 'Deusto', '2025-05-16T13:55:59.120934'),
('BP3', 43.27136993408203, -2.938829183578491, 1, 95, 24.9, 50, 1016, 61, 43, 'Deusto', '2025-05-16T13:56:00.351542'),
('BP3', 43.27136993408203, -2.9388298988342285, 1, 95, 24.9, 50, 1016, 61, 38, 'Deusto', '2025-05-16T13:56:01.505815'),
('BP3', 43.27136993408203, -2.938830614089966, 1, 95, 24.9, 50, 1016, 50, 52, 'Deusto', '2025-05-16T13:56:02.675999'),
('BP3', 43.27136993408203, -2.938840866088867, 2, 95, 24.9, 50, 1016, 58, 81, 'Deusto', '2025-05-16T13:56:03.845666'),
('BP3', 43.27136993408203, -2.93884015083313, 2, 95, 24.9, 50, 1016, 58, 213, 'Deusto', '2025-05-16T13:56:05.006733'),
('BP3', 43.27136993408203, -2.9388375282287598, 1, 95, 24.9, 50, 1016, 56, 585, 'Deusto', '2025-05-16T13:56:06.242111'),
('BP3', 43.27136993408203, -2.9388346672058105, 1, 95, 24.9, 50, 1016, 50, 578, 'Deusto', '2025-05-16T13:56:07.421444'),
('BP3', 43.27136993408203, -2.938831090927124, 1, 95, 24.9, 50, 1016, 47, 502, 'Deusto', '2025-05-16T13:56:08.600937'),
('BP3', 43.27136993408203, -2.938826560974121, 1, 95, 24.9, 50, 1016, 49, 213, 'Deusto', '2025-05-16T13:56:09.788163'),
('BP3', 43.2713737487793, -2.938833475112915, 1, 95, 24.9, 50, 1016, 51, 218, 'Deusto', '2025-05-16T13:56:10.954165'),
('BP3', 43.2713737487793, -2.938828945159912, 3, 95, 24.9, 50, 1016, 56, 227, 'Deusto', '2025-05-16T13:56:12.178725'),
('BP3', 43.27137756347656, -2.9388229846954346, 3, 95, 24.9, 50, 1016, 65, 138, 'Deusto', '2025-05-16T13:56:13.356865'),
('BP3', 43.27138137817383, -2.9388153553009033, 3, 95, 24.9, 50, 1016, 68, 0, 'Deusto', '2025-05-16T13:56:14.523442'),
('BP3', 43.271385192871094, -2.9388041496276855, 1, 95, 24.9, 50, 1016, 60, 0, 'Deusto', '2025-05-16T13:56:15.676953'),
('BP3', 43.271385192871094, -2.9387948513031006, 1, 95, 24.9, 50, 1016, 64, 0, 'Deusto', '2025-05-16T13:56:16.841310'),
('BP3', 43.27138900756836, -2.9388010501861572, 1, 95, 24.9, 49, 1016, 61, 0, 'Deusto', '2025-05-16T13:56:18.058929'),
('BP3', 43.27138900756836, -2.938793897628784, 2, 95, 24.9, 49, 1016, 54, 0, 'Deusto', '2025-05-16T13:56:19.236441'),
('BP3', 43.271392822265625, -2.9387853145599365, 1, 95, 24.9, 49, 1016, 73, 1, 'Deusto', '2025-05-16T13:56:20.369948'),
('BP3', 43.271392822265625, -2.938777446746826, 1, 95, 24.9, 49, 1016, 60, 4, 'Deusto', '2025-05-16T13:56:21.550418'),
('BP3', 43.27139663696289, -2.9387707710266113, 1, 95, 24.9, 49, 1016, 53, 4, 'Deusto', '2025-05-16T13:56:22.699227'),
('BP3', 43.271392822265625, -2.938783645629883, 1, 96, 24.8, 49, 1016, 68, 4, 'Deusto', '2025-05-16T13:56:23.906924'),
('BP3', 43.271392822265625, -2.9387803077697754, 1, 96, 24.8, 49, 1016, 74, 4, 'Deusto', '2025-05-16T13:56:25.052497'),
('BP3', 43.271392822265625, -2.938777446746826, 1, 96, 24.8, 49, 1016, 58, 4, 'Deusto', '2025-05-16T13:56:26.239554'),
('BP3', 43.271392822265625, -2.9387753009796143, 1, 96, 24.8, 49, 1016, 57, 4, 'Deusto', '2025-05-16T13:56:27.405478'),
('BP3', 43.271392822265625, -2.938774347305298, 1, 96, 24.8, 49, 1016, 53, 4, 'Deusto', '2025-05-16T13:56:28.575241'),
('BP3', 43.271392822265625, -2.9387731552124023, 1, 96, 24.8, 49, 1016, 60, 4, 'Deusto', '2025-05-16T13:56:29.806674'),
('BP3', 43.27138900756836, -2.938791275024414, 1, 96, 24.8, 49, 1016, 54, 4, 'Deusto', '2025-05-16T13:56:30.962653'),
('BP3', 43.27138900756836, -2.9387919902801514, 1, 96, 24.8, 49, 1016, 51, 3, 'Deusto', '2025-05-16T13:56:32.152157'),
('BP3', 43.27138900756836, -2.938793182373047, 1, 96, 24.8, 49, 1016, 50, 1, 'Deusto', '2025-05-16T13:56:33.339858'),
('BP3', 43.27138900756836, -2.9387948513031006, 1, 96, 24.8, 49, 1016, 50, 0, 'Deusto', '2025-05-16T13:56:34.527483'),
('BP3', 43.27138900756836, -2.9387965202331543, 1, 96, 24.8, 49, 1016, 55, 0, 'Deusto', '2025-05-16T13:56:35.730551'),
('BP3', 43.271385192871094, -2.9388129711151123, 1, 96, 24.8, 49, 1016, 67, 0, 'Deusto', '2025-05-16T13:56:36.934909'),
('BP3', 43.271385192871094, -2.938815116882324, 1, 96, 24.8, 49, 1016, 65, 0, 'Deusto', '2025-05-16T13:56:38.120129'),
('BP3', 43.271385192871094, -2.9388179779052734, 1, 96, 24.8, 49, 1016, 74, 0, 'Deusto', '2025-05-16T13:56:39.271217'),
('BP3', 43.271385192871094, -2.9388210773468018, 1, 96, 24.8, 49, 1016, 66, 0, 'Deusto', '2025-05-16T13:56:40.432862'),
('BP3', 43.27138137817383, -2.938823938369751, 1, 96, 24.8, 49, 1016, 70, 0, 'Deusto', '2025-05-16T13:56:41.613800'),
('BP3', 43.27138137817383, -2.9388368129730225, 1, 96, 24.8, 49, 1015, 80, 0, 'Deusto', '2025-05-16T13:56:42.915663'),
('BP3', 43.27137756347656, -2.9388394355773926, 1, 96, 24.8, 49, 1016, 64, 2, 'Deusto', '2025-05-16T13:56:44.122046'),
('BP3', 43.27137756347656, -2.938842296600342, 1, 96, 24.8, 49, 1015, 73, 0, 'Deusto', '2025-05-16T13:56:45.296999'),
('BP3', 43.27137756347656, -2.938845157623291, 1, 96, 24.7, 49, 1016, 58, 0, 'Deusto', '2025-05-16T13:56:46.438564'),
('BP3', 43.27137756347656, -2.938847541809082, 1, 96, 24.7, 49, 1016, 75, 0, 'Deusto', '2025-05-16T13:56:47.673579'),
('BP3', 43.27134323120117, -2.938971519470215, 1, 96, 24.6, 51, 1016, 53, 3364, 'Deusto', '2025-05-16T13:57:57.886786'),
('BP3', 43.271339416503906, -2.9389708042144775, 1, 96, 24.6, 51, 1015, 48, 3329, 'Deusto', '2025-05-16T13:57:59.077429'),
('BP3', 43.271339416503906, -2.938969850540161, 1, 96, 24.6, 51, 1015, 64, 3347, 'Deusto', '2025-05-16T13:58:00.247919'),
('BP3', 43.27133560180664, -2.9389686584472656, 1, 96, 24.6, 51, 1016, 72, 3353, 'Deusto', '2025-05-16T13:58:01.447879'),
('BP3', 43.27133560180664, -2.9389679431915283, 1, 96, 24.6, 51, 1016, 72, 3350, 'Deusto', '2025-05-16T13:58:02.604988'),
('BP3', 43.27133560180664, -2.938966989517212, 1, 96, 24.6, 51, 1016, 54, 3352, 'Deusto', '2025-05-16T13:58:03.786092'),
('BP3', 43.27133560180664, -2.938969135284424, 1, 96, 24.6, 51, 1016, 60, 3348, 'Deusto', '2025-05-16T13:58:04.967112'),
('BP3', 43.27133560180664, -2.9389686584472656, 1, 96, 24.6, 51, 1015, 71, 3348, 'Deusto', '2025-05-16T13:58:06.100146'),
('BP3', 43.27133560180664, -2.938967704772949, 1, 96, 24.6, 51, 1016, 54, 3316, 'Deusto', '2025-05-16T13:58:07.248576'),
('BP3', 43.271331787109375, -2.938966989517212, 1, 96, 24.6, 51, 1016, 58, 3339, 'Deusto', '2025-05-16T13:58:08.436291'),
('BP3', 43.271331787109375, -2.9389662742614746, 1, 96, 24.6, 51, 1016, 54, 3300, 'Deusto', '2025-05-16T13:58:09.593614'),
('BP3', 43.271331787109375, -2.938965320587158, 1, 96, 24.6, 51, 1016, 55, 3313, 'Deusto', '2025-05-16T13:58:10.772025'),
('BP3', 43.271331787109375, -2.9389681816101074, 1, 96, 24.6, 51, 1016, 59, 3318, 'Deusto', '2025-05-16T13:58:11.921246'),
('BP3', 43.271331787109375, -2.93896746635437, 1, 96, 24.6, 51, 1016, 63, 3317, 'Deusto', '2025-05-16T13:58:13.123355'),
('BP3', 43.271331787109375, -2.9389665126800537, 1, 96, 24.6, 51, 1016, 55, 3320, 'Deusto', '2025-05-16T13:58:14.332863'),
('BP3', 43.27132797241211, -2.9389657974243164, 1, 96, 24.6, 51, 1016, 54, 3320, 'Deusto', '2025-05-16T13:58:15.484830'),
('BP3', 43.271331787109375, -2.93896746635437, 1, 96, 24.6, 51, 1016, 51, 3320, 'Deusto', '2025-05-16T13:58:16.997679'),
('BP3', 43.27132797241211, -2.938966751098633, 1, 96, 24.6, 51, 1016, 60, 3321, 'Deusto', '2025-05-16T13:58:18.167989'),
('BP3', 43.27132797241211, -2.9389657974243164, 1, 96, 24.6, 51, 1016, 52, 3321, 'Deusto', '2025-05-16T13:58:19.369532'),
('BP3', 43.27132797241211, -2.938965320587158, 1, 96, 24.6, 51, 1016, 58, 3321, 'Deusto', '2025-05-16T13:58:20.525319'),
('BP3', 43.27132797241211, -2.93896484375, 1, 96, 24.6, 51, 1016, 63, 3325, 'Deusto', '2025-05-16T13:58:21.680526'),
('BP3', 43.27132797241211, -2.9389641284942627, 1, 96, 24.6, 51, 1016, 60, 3325, 'Deusto', '2025-05-16T13:58:22.808105'),
('BP3', 43.27132797241211, -2.938966751098633, 1, 96, 24.7, 51, 1015, 57, 3325, 'Deusto', '2025-05-16T13:58:24.012756'),
('BP3', 43.27132797241211, -2.9389662742614746, 1, 96, 24.7, 51, 1015, 60, 3321, 'Deusto', '2025-05-16T13:58:25.197693'),
('BP3', 43.27132797241211, -2.9389655590057373, 1, 96, 24.7, 51, 1015, 61, 3321, 'Deusto', '2025-05-16T13:58:26.355247'),
('BP3', 43.27132797241211, -2.938964605331421, 1, 96, 24.7, 50, 1016, 63, 3324, 'Deusto', '2025-05-16T13:58:27.602203'),
('BP3', 43.271324157714844, -2.9389638900756836, 1, 96, 24.7, 50, 1016, 62, 3362, 'Deusto', '2025-05-16T13:58:28.754810'),
('BP3', 43.27132797241211, -2.938966989517212, 1, 96, 24.7, 50, 1016, 54, 3402, 'Deusto', '2025-05-16T13:58:29.894755'),
('BP3', 43.27132797241211, -2.9389660358428955, 1, 96, 24.7, 50, 1015, 56, 3387, 'Deusto', '2025-05-16T13:58:31.114337'),
('BP3', 43.27132797241211, -2.9389655590057373, 1, 96, 24.7, 50, 1016, 61, 3418, 'Deusto', '2025-05-16T13:58:32.269297'),
('BP3', 43.27132797241211, -2.93896484375, 1, 96, 24.7, 50, 1016, 61, 3432, 'Deusto', '2025-05-16T13:58:33.440176'),
('BP3', 43.27132797241211, -2.938964366912842, 1, 96, 24.7, 50, 1016, 53, 3458, 'Deusto', '2025-05-16T13:58:34.596962'),
('BP3', 43.271324157714844, -2.9389636516571045, 1, 96, 24.7, 50, 1015, 62, 3460, 'Deusto', '2025-05-16T13:58:35.751261'),
('BP3', 43.27132797241211, -2.9389662742614746, 1, 96, 24.7, 50, 1015, 52, 3451, 'Deusto', '2025-05-16T13:58:36.997643');